canvas 0 0 500 380
shape rect0 rectangle
shape rect1 rectangle
shape rect2 rectangle
shape rect3 rectangle
shape rect4 rectangle
motion rect2 1 200 354 100 026 114 212 031  6 200 354 100 026 114 212 031
motion rect2 6 200 354 100 026 114 212 031  11 000 354 100 026 114 212 031
motion rect0 1 000 283 100 097 224 206 229  6 000 283 100 097 224 206 229
motion rect0 6 000 283 100 097 224 206 229  11 100 283 100 097 224 206 229
motion rect4 1 400 291 100 089 063 024 200  6 400 291 100 089 063 024 200
motion rect4 6 400 291 100 089 063 024 200  11 200 291 100 089 063 024 200
motion rect1 1 100 134 100 246 170 208 151  6 100 134 100 246 170 208 151
motion rect1 6 100 134 100 246 170 208 151  11 300 134 100 246 170 208 151
motion rect3 1 300 023 100 357 015 240 009  6 300 023 100 357 015 240 009
motion rect3 6 300 023 100 357 015 240 009  11 400 023 100 357 015 240 009
motion rect1 11 300 134 100 246 170 208 151  16 300 134 100 246 170 208 151
motion rect1 16 300 134 100 246 170 208 151  21 000 134 100 246 170 208 151
motion rect4 11 200 291 100 089 063 024 200  16 200 291 100 089 063 024 200
motion rect4 16 200 291 100 089 063 024 200  21 100 291 100 089 063 024 200
motion rect0 11 100 283 100 097 224 206 229  16 100 283 100 097 224 206 229
motion rect0 16 100 283 100 097 224 206 229  21 200 283 100 097 224 206 229
motion rect2 11 000 354 100 026 114 212 031  16 000 354 100 026 114 212 031
motion rect2 16 000 354 100 026 114 212 031  21 300 354 100 026 114 212 031
motion rect3 11 400 023 100 357 015 240 009  16 400 023 100 357 015 240 009
motion rect3 16 400 023 100 357 015 240 009  21 400 023 100 357 015 240 009
motion rect1 21 000 134 100 246 170 208 151  26 000 134 100 246 170 208 151
motion rect1 26 000 134 100 246 170 208 151  31 000 134 100 246 170 208 151
motion rect4 21 100 291 100 089 063 024 200  26 100 291 100 089 063 024 200
motion rect4 26 100 291 100 089 063 024 200  31 100 291 100 089 063 024 200
motion rect0 21 200 283 100 097 224 206 229  26 200 283 100 097 224 206 229
motion rect0 26 200 283 100 097 224 206 229  31 200 283 100 097 224 206 229
motion rect2 21 300 354 100 026 114 212 031  26 300 354 100 026 114 212 031
motion rect2 26 300 354 100 026 114 212 031  31 300 354 100 026 114 212 031
motion rect3 21 400 023 100 357 015 240 009  26 400 023 100 357 015 240 009
motion rect3 26 400 023 100 357 015 240 009  31 400 023 100 357 015 240 009
motion rect0 31 200 283 100 097 224 206 229  36 200 283 100 097 224 206 229
motion rect0 36 200 283 100 097 224 206 229  41 000 283 100 097 224 206 229
motion rect3 31 400 023 100 357 015 240 009  36 400 023 100 357 015 240 009
motion rect3 36 400 023 100 357 015 240 009  41 100 023 100 357 015 240 009
motion rect2 31 300 354 100 026 114 212 031  36 300 354 100 026 114 212 031
motion rect2 36 300 354 100 026 114 212 031  41 200 354 100 026 114 212 031
motion rect1 31 000 134 100 246 170 208 151  36 000 134 100 246 170 208 151
motion rect1 36 000 134 100 246 170 208 151  41 300 134 100 246 170 208 151
motion rect4 31 100 291 100 089 063 024 200  36 100 291 100 089 063 024 200
motion rect4 36 100 291 100 089 063 024 200  41 400 291 100 089 063 024 200
motion rect4 41 400 291 100 089 063 024 200  46 400 291 100 089 063 024 200
motion rect4 46 400 291 100 089 063 024 200  51 000 291 100 089 063 024 200
motion rect1 41 300 134 100 246 170 208 151  46 300 134 100 246 170 208 151
motion rect1 46 300 134 100 246 170 208 151  51 100 134 100 246 170 208 151
motion rect2 41 200 354 100 026 114 212 031  46 200 354 100 026 114 212 031
motion rect2 46 200 354 100 026 114 212 031  51 200 354 100 026 114 212 031
motion rect0 41 000 283 100 097 224 206 229  46 000 283 100 097 224 206 229
motion rect0 46 000 283 100 097 224 206 229  51 300 283 100 097 224 206 229
motion rect3 41 100 023 100 357 015 240 009  46 100 023 100 357 015 240 009
motion rect3 46 100 023 100 357 015 240 009  51 400 023 100 357 015 240 009
motion rect4 51 000 291 100 089 063 024 200  56 000 291 100 089 063 024 200
motion rect4 56 000 291 100 089 063 024 200  61 000 291 100 089 063 024 200
motion rect2 51 200 354 100 026 114 212 031  56 200 354 100 026 114 212 031
motion rect2 56 200 354 100 026 114 212 031  61 100 354 100 026 114 212 031
motion rect0 51 300 283 100 097 224 206 229  56 300 283 100 097 224 206 229
motion rect0 56 300 283 100 097 224 206 229  61 200 283 100 097 224 206 229
motion rect1 51 100 134 100 246 170 208 151  56 100 134 100 246 170 208 151
motion rect1 56 100 134 100 246 170 208 151  61 300 134 100 246 170 208 151
motion rect3 51 400 023 100 357 015 240 009  56 400 023 100 357 015 240 009
motion rect3 56 400 023 100 357 015 240 009  61 400 023 100 357 015 240 009
motion rect2 61 100 354 100 026 114 212 031  66 100 354 100 026 114 212 031
motion rect2 66 100 354 100 026 114 212 031  71 000 354 100 026 114 212 031
motion rect1 61 300 134 100 246 170 208 151  66 300 134 100 246 170 208 151
motion rect1 66 300 134 100 246 170 208 151  71 100 134 100 246 170 208 151
motion rect0 61 200 283 100 097 224 206 229  66 200 283 100 097 224 206 229
motion rect0 66 200 283 100 097 224 206 229  71 200 283 100 097 224 206 229
motion rect4 61 000 291 100 089 063 024 200  66 000 291 100 089 063 024 200
motion rect4 66 000 291 100 089 063 024 200  71 300 291 100 089 063 024 200
motion rect3 61 400 023 100 357 015 240 009  66 400 023 100 357 015 240 009
motion rect3 66 400 023 100 357 015 240 009  71 400 023 100 357 015 240 009
motion rect0 71 200 283 100 097 224 206 229  76 200 283 100 097 224 206 229
motion rect0 76 200 283 100 097 224 206 229  81 000 283 100 097 224 206 229
motion rect3 71 400 023 100 357 015 240 009  76 400 023 100 357 015 240 009
motion rect3 76 400 023 100 357 015 240 009  81 100 023 100 357 015 240 009
motion rect1 71 100 134 100 246 170 208 151  76 100 134 100 246 170 208 151
motion rect1 76 100 134 100 246 170 208 151  81 200 134 100 246 170 208 151
motion rect2 71 000 354 100 026 114 212 031  76 000 354 100 026 114 212 031
motion rect2 76 000 354 100 026 114 212 031  81 300 354 100 026 114 212 031
motion rect4 71 300 291 100 089 063 024 200  76 300 291 100 089 063 024 200
motion rect4 76 300 291 100 089 063 024 200  81 400 291 100 089 063 024 200
motion rect0 81 000 283 100 097 224 206 229  86 000 283 100 097 224 206 229
motion rect0 86 000 283 100 097 224 206 229  91 000 283 100 097 224 206 229
motion rect2 81 300 354 100 026 114 212 031  86 300 354 100 026 114 212 031
motion rect2 86 300 354 100 026 114 212 031  91 100 354 100 026 114 212 031
motion rect3 81 100 023 100 357 015 240 009  86 100 023 100 357 015 240 009
motion rect3 86 100 023 100 357 015 240 009  91 200 023 100 357 015 240 009
motion rect4 81 400 291 100 089 063 024 200  86 400 291 100 089 063 024 200
motion rect4 86 400 291 100 089 063 024 200  91 300 291 100 089 063 024 200
motion rect1 81 200 134 100 246 170 208 151  86 200 134 100 246 170 208 151
motion rect1 86 200 134 100 246 170 208 151  91 400 134 100 246 170 208 151
motion rect2 91 100 354 100 026 114 212 031  96 100 354 100 026 114 212 031
motion rect2 96 100 354 100 026 114 212 031  101 000 354 100 026 114 212 031
motion rect1 91 400 134 100 246 170 208 151  96 400 134 100 246 170 208 151
motion rect1 96 400 134 100 246 170 208 151  101 100 134 100 246 170 208 151
motion rect3 91 200 023 100 357 015 240 009  96 200 023 100 357 015 240 009
motion rect3 96 200 023 100 357 015 240 009  101 200 023 100 357 015 240 009
motion rect0 91 000 283 100 097 224 206 229  96 000 283 100 097 224 206 229
motion rect0 96 000 283 100 097 224 206 229  101 300 283 100 097 224 206 229
motion rect4 91 300 291 100 089 063 024 200  96 300 291 100 089 063 024 200
motion rect4 96 300 291 100 089 063 024 200  101 400 291 100 089 063 024 200
motion rect3 101 200 023 100 357 015 240 009  106 200 023 100 357 015 240 009
motion rect3 106 200 023 100 357 015 240 009  111 000 023 100 357 015 240 009
motion rect1 101 100 134 100 246 170 208 151  106 100 134 100 246 170 208 151
motion rect1 106 100 134 100 246 170 208 151  111 100 134 100 246 170 208 151
motion rect0 101 300 283 100 097 224 206 229  106 300 283 100 097 224 206 229
motion rect0 106 300 283 100 097 224 206 229  111 200 283 100 097 224 206 229
motion rect4 101 400 291 100 089 063 024 200  106 400 291 100 089 063 024 200
motion rect4 106 400 291 100 089 063 024 200  111 300 291 100 089 063 024 200
motion rect2 101 000 354 100 026 114 212 031  106 000 354 100 026 114 212 031
motion rect2 106 000 354 100 026 114 212 031  111 400 354 100 026 114 212 031
motion rect1 111 100 134 100 246 170 208 151  116 100 134 100 246 170 208 151
motion rect1 116 100 134 100 246 170 208 151  121 000 134 100 246 170 208 151
motion rect4 111 300 291 100 089 063 024 200  116 300 291 100 089 063 024 200
motion rect4 116 300 291 100 089 063 024 200  121 100 291 100 089 063 024 200
motion rect3 111 000 023 100 357 015 240 009  116 000 023 100 357 015 240 009
motion rect3 116 000 023 100 357 015 240 009  121 200 023 100 357 015 240 009
motion rect2 111 400 354 100 026 114 212 031  116 400 354 100 026 114 212 031
motion rect2 116 400 354 100 026 114 212 031  121 300 354 100 026 114 212 031
motion rect0 111 200 283 100 097 224 206 229  116 200 283 100 097 224 206 229
motion rect0 116 200 283 100 097 224 206 229  121 400 283 100 097 224 206 229
motion rect0 121 400 283 100 097 224 206 229  126 400 283 100 097 224 206 229
motion rect0 126 400 283 100 097 224 206 229  131 000 283 100 097 224 206 229
motion rect4 121 100 291 100 089 063 024 200  126 100 291 100 089 063 024 200
motion rect4 126 100 291 100 089 063 024 200  131 100 291 100 089 063 024 200
motion rect3 121 200 023 100 357 015 240 009  126 200 023 100 357 015 240 009
motion rect3 126 200 023 100 357 015 240 009  131 200 023 100 357 015 240 009
motion rect2 121 300 354 100 026 114 212 031  126 300 354 100 026 114 212 031
motion rect2 126 300 354 100 026 114 212 031  131 300 354 100 026 114 212 031
motion rect1 121 000 134 100 246 170 208 151  126 000 134 100 246 170 208 151
motion rect1 126 000 134 100 246 170 208 151  131 400 134 100 246 170 208 151
motion rect0 131 000 283 100 097 224 206 229  136 000 283 100 097 224 206 229
motion rect0 136 000 283 100 097 224 206 229  141 000 283 100 097 224 206 229
motion rect3 131 200 023 100 357 015 240 009  136 200 023 100 357 015 240 009
motion rect3 136 200 023 100 357 015 240 009  141 100 023 100 357 015 240 009
motion rect4 131 100 291 100 089 063 024 200  136 100 291 100 089 063 024 200
motion rect4 136 100 291 100 089 063 024 200  141 200 291 100 089 063 024 200
motion rect1 131 400 134 100 246 170 208 151  136 400 134 100 246 170 208 151
motion rect1 136 400 134 100 246 170 208 151  141 300 134 100 246 170 208 151
motion rect2 131 300 354 100 026 114 212 031  136 300 354 100 026 114 212 031
motion rect2 136 300 354 100 026 114 212 031  141 400 354 100 026 114 212 031
motion rect0 141 000 283 100 097 224 206 229  146 000 283 100 097 224 206 229
motion rect0 146 000 283 100 097 224 206 229  151 000 283 100 097 224 206 229
motion rect4 141 200 291 100 089 063 024 200  146 200 291 100 089 063 024 200
motion rect4 146 200 291 100 089 063 024 200  151 100 291 100 089 063 024 200
motion rect2 141 400 354 100 026 114 212 031  146 400 354 100 026 114 212 031
motion rect2 146 400 354 100 026 114 212 031  151 200 354 100 026 114 212 031
motion rect3 141 100 023 100 357 015 240 009  146 100 023 100 357 015 240 009
motion rect3 146 100 023 100 357 015 240 009  151 300 023 100 357 015 240 009
motion rect1 141 300 134 100 246 170 208 151  146 300 134 100 246 170 208 151
motion rect1 146 300 134 100 246 170 208 151  151 400 134 100 246 170 208 151
motion rect1 151 400 134 100 246 170 208 151  156 400 134 100 246 170 208 151
motion rect1 156 400 134 100 246 170 208 151  161 000 134 100 246 170 208 151
motion rect0 151 000 283 100 097 224 206 229  156 000 283 100 097 224 206 229
motion rect0 156 000 283 100 097 224 206 229  161 100 283 100 097 224 206 229
motion rect2 151 200 354 100 026 114 212 031  156 200 354 100 026 114 212 031
motion rect2 156 200 354 100 026 114 212 031  161 200 354 100 026 114 212 031
motion rect3 151 300 023 100 357 015 240 009  156 300 023 100 357 015 240 009
motion rect3 156 300 023 100 357 015 240 009  161 300 023 100 357 015 240 009
motion rect4 151 100 291 100 089 063 024 200  156 100 291 100 089 063 024 200
motion rect4 156 100 291 100 089 063 024 200  161 400 291 100 089 063 024 200
motion rect2 161 200 354 100 026 114 212 031  166 200 354 100 026 114 212 031
motion rect2 166 200 354 100 026 114 212 031  171 000 354 100 026 114 212 031
motion rect3 161 300 023 100 357 015 240 009  166 300 023 100 357 015 240 009
motion rect3 166 300 023 100 357 015 240 009  171 100 023 100 357 015 240 009
motion rect0 161 100 283 100 097 224 206 229  166 100 283 100 097 224 206 229
motion rect0 166 100 283 100 097 224 206 229  171 200 283 100 097 224 206 229
motion rect4 161 400 291 100 089 063 024 200  166 400 291 100 089 063 024 200
motion rect4 166 400 291 100 089 063 024 200  171 300 291 100 089 063 024 200
motion rect1 161 000 134 100 246 170 208 151  166 000 134 100 246 170 208 151
motion rect1 166 000 134 100 246 170 208 151  171 400 134 100 246 170 208 151
motion rect1 171 400 134 100 246 170 208 151  176 400 134 100 246 170 208 151
motion rect1 176 400 134 100 246 170 208 151  181 000 134 100 246 170 208 151
motion rect4 171 300 291 100 089 063 024 200  176 300 291 100 089 063 024 200
motion rect4 176 300 291 100 089 063 024 200  181 100 291 100 089 063 024 200
motion rect0 171 200 283 100 097 224 206 229  176 200 283 100 097 224 206 229
motion rect0 176 200 283 100 097 224 206 229  181 200 283 100 097 224 206 229
motion rect3 171 100 023 100 357 015 240 009  176 100 023 100 357 015 240 009
motion rect3 176 100 023 100 357 015 240 009  181 300 023 100 357 015 240 009
motion rect2 171 000 354 100 026 114 212 031  176 000 354 100 026 114 212 031
motion rect2 176 000 354 100 026 114 212 031  181 400 354 100 026 114 212 031
motion rect3 181 300 023 100 357 015 240 009  186 300 023 100 357 015 240 009
motion rect3 186 300 023 100 357 015 240 009  191 000 023 100 357 015 240 009
motion rect1 181 000 134 100 246 170 208 151  186 000 134 100 246 170 208 151
motion rect1 186 000 134 100 246 170 208 151  191 100 134 100 246 170 208 151
motion rect4 181 100 291 100 089 063 024 200  186 100 291 100 089 063 024 200
motion rect4 186 100 291 100 089 063 024 200  191 200 291 100 089 063 024 200
motion rect0 181 200 283 100 097 224 206 229  186 200 283 100 097 224 206 229
motion rect0 186 200 283 100 097 224 206 229  191 300 283 100 097 224 206 229
motion rect2 181 400 354 100 026 114 212 031  186 400 354 100 026 114 212 031
motion rect2 186 400 354 100 026 114 212 031  191 400 354 100 026 114 212 031
motion rect4 191 200 291 100 089 063 024 200  196 200 291 100 089 063 024 200
motion rect4 196 200 291 100 089 063 024 200  201 000 291 100 089 063 024 200
motion rect0 191 300 283 100 097 224 206 229  196 300 283 100 097 224 206 229
motion rect0 196 300 283 100 097 224 206 229  201 100 283 100 097 224 206 229
motion rect1 191 100 134 100 246 170 208 151  196 100 134 100 246 170 208 151
motion rect1 196 100 134 100 246 170 208 151  201 200 134 100 246 170 208 151
motion rect3 191 000 023 100 357 015 240 009  196 000 023 100 357 015 240 009
motion rect3 196 000 023 100 357 015 240 009  201 300 023 100 357 015 240 009
motion rect2 191 400 354 100 026 114 212 031  196 400 354 100 026 114 212 031
motion rect2 196 400 354 100 026 114 212 031  201 400 354 100 026 114 212 031
motion rect4 201 000 291 100 089 063 024 200  206 000 291 100 089 063 024 200
motion rect4 206 000 291 100 089 063 024 200  211 000 291 100 089 063 024 200
motion rect3 201 300 023 100 357 015 240 009  206 300 023 100 357 015 240 009
motion rect3 206 300 023 100 357 015 240 009  211 100 023 100 357 015 240 009
motion rect1 201 200 134 100 246 170 208 151  206 200 134 100 246 170 208 151
motion rect1 206 200 134 100 246 170 208 151  211 200 134 100 246 170 208 151
motion rect0 201 100 283 100 097 224 206 229  206 100 283 100 097 224 206 229
motion rect0 206 100 283 100 097 224 206 229  211 300 283 100 097 224 206 229
motion rect2 201 400 354 100 026 114 212 031  206 400 354 100 026 114 212 031
motion rect2 206 400 354 100 026 114 212 031  211 400 354 100 026 114 212 031
motion rect0 211 300 283 100 097 224 206 229  216 300 283 100 097 224 206 229
motion rect0 216 300 283 100 097 224 206 229  221 000 283 100 097 224 206 229
motion rect1 211 200 134 100 246 170 208 151  216 200 134 100 246 170 208 151
motion rect1 216 200 134 100 246 170 208 151  221 100 134 100 246 170 208 151
motion rect2 211 400 354 100 026 114 212 031  216 400 354 100 026 114 212 031
motion rect2 216 400 354 100 026 114 212 031  221 200 354 100 026 114 212 031
motion rect4 211 000 291 100 089 063 024 200  216 000 291 100 089 063 024 200
motion rect4 216 000 291 100 089 063 024 200  221 300 291 100 089 063 024 200
motion rect3 211 100 023 100 357 015 240 009  216 100 023 100 357 015 240 009
motion rect3 216 100 023 100 357 015 240 009  221 400 023 100 357 015 240 009
motion rect3 221 400 023 100 357 015 240 009  226 400 023 100 357 015 240 009
motion rect3 226 400 023 100 357 015 240 009  231 000 023 100 357 015 240 009
motion rect1 221 100 134 100 246 170 208 151  226 100 134 100 246 170 208 151
motion rect1 226 100 134 100 246 170 208 151  231 100 134 100 246 170 208 151
motion rect2 221 200 354 100 026 114 212 031  226 200 354 100 026 114 212 031
motion rect2 226 200 354 100 026 114 212 031  231 200 354 100 026 114 212 031
motion rect0 221 000 283 100 097 224 206 229  226 000 283 100 097 224 206 229
motion rect0 226 000 283 100 097 224 206 229  231 300 283 100 097 224 206 229
motion rect4 221 300 291 100 089 063 024 200  226 300 291 100 089 063 024 200
motion rect4 226 300 291 100 089 063 024 200  231 400 291 100 089 063 024 200
motion rect3 231 000 023 100 357 015 240 009  236 000 023 100 357 015 240 009
motion rect3 236 000 023 100 357 015 240 009  241 000 023 100 357 015 240 009
motion rect2 231 200 354 100 026 114 212 031  236 200 354 100 026 114 212 031
motion rect2 236 200 354 100 026 114 212 031  241 100 354 100 026 114 212 031
motion rect0 231 300 283 100 097 224 206 229  236 300 283 100 097 224 206 229
motion rect0 236 300 283 100 097 224 206 229  241 200 283 100 097 224 206 229
motion rect1 231 100 134 100 246 170 208 151  236 100 134 100 246 170 208 151
motion rect1 236 100 134 100 246 170 208 151  241 300 134 100 246 170 208 151
motion rect4 231 400 291 100 089 063 024 200  236 400 291 100 089 063 024 200
motion rect4 236 400 291 100 089 063 024 200  241 400 291 100 089 063 024 200
motion rect4 241 400 291 100 089 063 024 200  246 400 291 100 089 063 024 200
motion rect4 246 400 291 100 089 063 024 200  251 000 291 100 089 063 024 200
motion rect0 241 200 283 100 097 224 206 229  246 200 283 100 097 224 206 229
motion rect0 246 200 283 100 097 224 206 229  251 100 283 100 097 224 206 229
motion rect2 241 100 354 100 026 114 212 031  246 100 354 100 026 114 212 031
motion rect2 246 100 354 100 026 114 212 031  251 200 354 100 026 114 212 031
motion rect3 241 000 023 100 357 015 240 009  246 000 023 100 357 015 240 009
motion rect3 246 000 023 100 357 015 240 009  251 300 023 100 357 015 240 009
motion rect1 241 300 134 100 246 170 208 151  246 300 134 100 246 170 208 151
motion rect1 246 300 134 100 246 170 208 151  251 400 134 100 246 170 208 151
motion rect1 251 400 134 100 246 170 208 151  256 400 134 100 246 170 208 151
motion rect1 256 400 134 100 246 170 208 151  261 000 134 100 246 170 208 151
motion rect3 251 300 023 100 357 015 240 009  256 300 023 100 357 015 240 009
motion rect3 256 300 023 100 357 015 240 009  261 100 023 100 357 015 240 009
motion rect2 251 200 354 100 026 114 212 031  256 200 354 100 026 114 212 031
motion rect2 256 200 354 100 026 114 212 031  261 200 354 100 026 114 212 031
motion rect0 251 100 283 100 097 224 206 229  256 100 283 100 097 224 206 229
motion rect0 256 100 283 100 097 224 206 229  261 300 283 100 097 224 206 229
motion rect4 251 000 291 100 089 063 024 200  256 000 291 100 089 063 024 200
motion rect4 256 000 291 100 089 063 024 200  261 400 291 100 089 063 024 200
motion rect0 261 300 283 100 097 224 206 229  266 300 283 100 097 224 206 229
motion rect0 266 300 283 100 097 224 206 229  271 000 283 100 097 224 206 229
motion rect3 261 100 023 100 357 015 240 009  266 100 023 100 357 015 240 009
motion rect3 266 100 023 100 357 015 240 009  271 100 023 100 357 015 240 009
motion rect1 261 000 134 100 246 170 208 151  266 000 134 100 246 170 208 151
motion rect1 266 000 134 100 246 170 208 151  271 200 134 100 246 170 208 151
motion rect2 261 200 354 100 026 114 212 031  266 200 354 100 026 114 212 031
motion rect2 266 200 354 100 026 114 212 031  271 300 354 100 026 114 212 031
motion rect4 261 400 291 100 089 063 024 200  266 400 291 100 089 063 024 200
motion rect4 266 400 291 100 089 063 024 200  271 400 291 100 089 063 024 200
motion rect1 271 200 134 100 246 170 208 151  276 200 134 100 246 170 208 151
motion rect1 276 200 134 100 246 170 208 151  281 000 134 100 246 170 208 151
motion rect0 271 000 283 100 097 224 206 229  276 000 283 100 097 224 206 229
motion rect0 276 000 283 100 097 224 206 229  281 100 283 100 097 224 206 229
motion rect4 271 400 291 100 089 063 024 200  276 400 291 100 089 063 024 200
motion rect4 276 400 291 100 089 063 024 200  281 200 291 100 089 063 024 200
motion rect2 271 300 354 100 026 114 212 031  276 300 354 100 026 114 212 031
motion rect2 276 300 354 100 026 114 212 031  281 300 354 100 026 114 212 031
motion rect3 271 100 023 100 357 015 240 009  276 100 023 100 357 015 240 009
motion rect3 276 100 023 100 357 015 240 009  281 400 023 100 357 015 240 009
motion rect2 281 300 354 100 026 114 212 031  286 300 354 100 026 114 212 031
motion rect2 286 300 354 100 026 114 212 031  291 000 354 100 026 114 212 031
motion rect4 281 200 291 100 089 063 024 200  286 200 291 100 089 063 024 200
motion rect4 286 200 291 100 089 063 024 200  291 100 291 100 089 063 024 200
motion rect3 281 400 023 100 357 015 240 009  286 400 023 100 357 015 240 009
motion rect3 286 400 023 100 357 015 240 009  291 200 023 100 357 015 240 009
motion rect0 281 100 283 100 097 224 206 229  286 100 283 100 097 224 206 229
motion rect0 286 100 283 100 097 224 206 229  291 300 283 100 097 224 206 229
motion rect1 281 000 134 100 246 170 208 151  286 000 134 100 246 170 208 151
motion rect1 286 000 134 100 246 170 208 151  291 400 134 100 246 170 208 151
motion rect4 291 100 291 100 089 063 024 200  296 100 291 100 089 063 024 200
motion rect4 296 100 291 100 089 063 024 200  301 000 291 100 089 063 024 200
motion rect1 291 400 134 100 246 170 208 151  296 400 134 100 246 170 208 151
motion rect1 296 400 134 100 246 170 208 151  301 100 134 100 246 170 208 151
motion rect0 291 300 283 100 097 224 206 229  296 300 283 100 097 224 206 229
motion rect0 296 300 283 100 097 224 206 229  301 200 283 100 097 224 206 229
motion rect2 291 000 354 100 026 114 212 031  296 000 354 100 026 114 212 031
motion rect2 296 000 354 100 026 114 212 031  301 300 354 100 026 114 212 031
motion rect3 291 200 023 100 357 015 240 009  296 200 023 100 357 015 240 009
motion rect3 296 200 023 100 357 015 240 009  301 400 023 100 357 015 240 009
motion rect2 301 300 354 100 026 114 212 031  306 300 354 100 026 114 212 031
motion rect2 306 300 354 100 026 114 212 031  311 000 354 100 026 114 212 031
motion rect1 301 100 134 100 246 170 208 151  306 100 134 100 246 170 208 151
motion rect1 306 100 134 100 246 170 208 151  311 100 134 100 246 170 208 151
motion rect3 301 400 023 100 357 015 240 009  306 400 023 100 357 015 240 009
motion rect3 306 400 023 100 357 015 240 009  311 200 023 100 357 015 240 009
motion rect0 301 200 283 100 097 224 206 229  306 200 283 100 097 224 206 229
motion rect0 306 200 283 100 097 224 206 229  311 300 283 100 097 224 206 229
motion rect4 301 000 291 100 089 063 024 200  306 000 291 100 089 063 024 200
motion rect4 306 000 291 100 089 063 024 200  311 400 291 100 089 063 024 200
motion rect4 311 400 291 100 089 063 024 200  316 400 291 100 089 063 024 200
motion rect4 316 400 291 100 089 063 024 200  321 000 291 100 089 063 024 200
motion rect1 311 100 134 100 246 170 208 151  316 100 134 100 246 170 208 151
motion rect1 316 100 134 100 246 170 208 151  321 100 134 100 246 170 208 151
motion rect0 311 300 283 100 097 224 206 229  316 300 283 100 097 224 206 229
motion rect0 316 300 283 100 097 224 206 229  321 200 283 100 097 224 206 229
motion rect3 311 200 023 100 357 015 240 009  316 200 023 100 357 015 240 009
motion rect3 316 200 023 100 357 015 240 009  321 300 023 100 357 015 240 009
motion rect2 311 000 354 100 026 114 212 031  316 000 354 100 026 114 212 031
motion rect2 316 000 354 100 026 114 212 031  321 400 354 100 026 114 212 031
motion rect2 321 400 354 100 026 114 212 031  326 400 354 100 026 114 212 031
motion rect2 326 400 354 100 026 114 212 031  331 000 354 100 026 114 212 031
motion rect1 321 100 134 100 246 170 208 151  326 100 134 100 246 170 208 151
motion rect1 326 100 134 100 246 170 208 151  331 100 134 100 246 170 208 151
motion rect0 321 200 283 100 097 224 206 229  326 200 283 100 097 224 206 229
motion rect0 326 200 283 100 097 224 206 229  331 200 283 100 097 224 206 229
motion rect3 321 300 023 100 357 015 240 009  326 300 023 100 357 015 240 009
motion rect3 326 300 023 100 357 015 240 009  331 300 023 100 357 015 240 009
motion rect4 321 000 291 100 089 063 024 200  326 000 291 100 089 063 024 200
motion rect4 326 000 291 100 089 063 024 200  331 400 291 100 089 063 024 200
motion rect2 331 000 354 100 026 114 212 031  336 000 354 100 026 114 212 031
motion rect2 336 000 354 100 026 114 212 031  341 000 354 100 026 114 212 031
motion rect4 331 400 291 100 089 063 024 200  336 400 291 100 089 063 024 200
motion rect4 336 400 291 100 089 063 024 200  341 100 291 100 089 063 024 200
motion rect3 331 300 023 100 357 015 240 009  336 300 023 100 357 015 240 009
motion rect3 336 300 023 100 357 015 240 009  341 200 023 100 357 015 240 009
motion rect1 331 100 134 100 246 170 208 151  336 100 134 100 246 170 208 151
motion rect1 336 100 134 100 246 170 208 151  341 300 134 100 246 170 208 151
motion rect0 331 200 283 100 097 224 206 229  336 200 283 100 097 224 206 229
motion rect0 336 200 283 100 097 224 206 229  341 400 283 100 097 224 206 229
motion rect4 341 100 291 100 089 063 024 200  346 100 291 100 089 063 024 200
motion rect4 346 100 291 100 089 063 024 200  351 000 291 100 089 063 024 200
motion rect2 341 000 354 100 026 114 212 031  346 000 354 100 026 114 212 031
motion rect2 346 000 354 100 026 114 212 031  351 100 354 100 026 114 212 031
motion rect3 341 200 023 100 357 015 240 009  346 200 023 100 357 015 240 009
motion rect3 346 200 023 100 357 015 240 009  351 200 023 100 357 015 240 009
motion rect0 341 400 283 100 097 224 206 229  346 400 283 100 097 224 206 229
motion rect0 346 400 283 100 097 224 206 229  351 300 283 100 097 224 206 229
motion rect1 341 300 134 100 246 170 208 151  346 300 134 100 246 170 208 151
motion rect1 346 300 134 100 246 170 208 151  351 400 134 100 246 170 208 151
motion rect2 351 100 354 100 026 114 212 031  356 100 354 100 026 114 212 031
motion rect2 356 100 354 100 026 114 212 031  361 000 354 100 026 114 212 031
motion rect3 351 200 023 100 357 015 240 009  356 200 023 100 357 015 240 009
motion rect3 356 200 023 100 357 015 240 009  361 100 023 100 357 015 240 009
motion rect0 351 300 283 100 097 224 206 229  356 300 283 100 097 224 206 229
motion rect0 356 300 283 100 097 224 206 229  361 200 283 100 097 224 206 229
motion rect1 351 400 134 100 246 170 208 151  356 400 134 100 246 170 208 151
motion rect1 356 400 134 100 246 170 208 151  361 300 134 100 246 170 208 151
motion rect4 351 000 291 100 089 063 024 200  356 000 291 100 089 063 024 200
motion rect4 356 000 291 100 089 063 024 200  361 400 291 100 089 063 024 200
motion rect0 361 200 283 100 097 224 206 229  366 200 283 100 097 224 206 229
motion rect0 366 200 283 100 097 224 206 229  371 000 283 100 097 224 206 229
motion rect4 361 400 291 100 089 063 024 200  366 400 291 100 089 063 024 200
motion rect4 366 400 291 100 089 063 024 200  371 100 291 100 089 063 024 200
motion rect3 361 100 023 100 357 015 240 009  366 100 023 100 357 015 240 009
motion rect3 366 100 023 100 357 015 240 009  371 200 023 100 357 015 240 009
motion rect2 361 000 354 100 026 114 212 031  366 000 354 100 026 114 212 031
motion rect2 366 000 354 100 026 114 212 031  371 300 354 100 026 114 212 031
motion rect1 361 300 134 100 246 170 208 151  366 300 134 100 246 170 208 151
motion rect1 366 300 134 100 246 170 208 151  371 400 134 100 246 170 208 151
motion rect1 371 400 134 100 246 170 208 151  376 400 134 100 246 170 208 151
motion rect1 376 400 134 100 246 170 208 151  381 000 134 100 246 170 208 151
motion rect0 371 000 283 100 097 224 206 229  376 000 283 100 097 224 206 229
motion rect0 376 000 283 100 097 224 206 229  381 100 283 100 097 224 206 229
motion rect4 371 100 291 100 089 063 024 200  376 100 291 100 089 063 024 200
motion rect4 376 100 291 100 089 063 024 200  381 200 291 100 089 063 024 200
motion rect2 371 300 354 100 026 114 212 031  376 300 354 100 026 114 212 031
motion rect2 376 300 354 100 026 114 212 031  381 300 354 100 026 114 212 031
motion rect3 371 200 023 100 357 015 240 009  376 200 023 100 357 015 240 009
motion rect3 376 200 023 100 357 015 240 009  381 400 023 100 357 015 240 009
motion rect3 381 400 023 100 357 015 240 009  386 400 023 100 357 015 240 009
motion rect3 386 400 023 100 357 015 240 009  391 000 023 100 357 015 240 009
motion rect0 381 100 283 100 097 224 206 229  386 100 283 100 097 224 206 229
motion rect0 386 100 283 100 097 224 206 229  391 100 283 100 097 224 206 229
motion rect4 381 200 291 100 089 063 024 200  386 200 291 100 089 063 024 200
motion rect4 386 200 291 100 089 063 024 200  391 200 291 100 089 063 024 200
motion rect1 381 000 134 100 246 170 208 151  386 000 134 100 246 170 208 151
motion rect1 386 000 134 100 246 170 208 151  391 300 134 100 246 170 208 151
motion rect2 381 300 354 100 026 114 212 031  386 300 354 100 026 114 212 031
motion rect2 386 300 354 100 026 114 212 031  391 400 354 100 026 114 212 031
motion rect3 391 000 023 100 357 015 240 009  396 000 023 100 357 015 240 009
motion rect3 396 000 023 100 357 015 240 009  401 000 023 100 357 015 240 009
motion rect1 391 300 134 100 246 170 208 151  396 300 134 100 246 170 208 151
motion rect1 396 300 134 100 246 170 208 151  401 100 134 100 246 170 208 151
motion rect0 391 100 283 100 097 224 206 229  396 100 283 100 097 224 206 229
motion rect0 396 100 283 100 097 224 206 229  401 200 283 100 097 224 206 229
motion rect4 391 200 291 100 089 063 024 200  396 200 291 100 089 063 024 200
motion rect4 396 200 291 100 089 063 024 200  401 300 291 100 089 063 024 200
motion rect2 391 400 354 100 026 114 212 031  396 400 354 100 026 114 212 031
motion rect2 396 400 354 100 026 114 212 031  401 400 354 100 026 114 212 031
motion rect0 401 200 283 100 097 224 206 229  406 200 283 100 097 224 206 229
motion rect0 406 200 283 100 097 224 206 229  411 000 283 100 097 224 206 229
motion rect2 401 400 354 100 026 114 212 031  406 400 354 100 026 114 212 031
motion rect2 406 400 354 100 026 114 212 031  411 100 354 100 026 114 212 031
motion rect1 401 100 134 100 246 170 208 151  406 100 134 100 246 170 208 151
motion rect1 406 100 134 100 246 170 208 151  411 200 134 100 246 170 208 151
motion rect3 401 000 023 100 357 015 240 009  406 000 023 100 357 015 240 009
motion rect3 406 000 023 100 357 015 240 009  411 300 023 100 357 015 240 009
motion rect4 401 300 291 100 089 063 024 200  406 300 291 100 089 063 024 200
motion rect4 406 300 291 100 089 063 024 200  411 400 291 100 089 063 024 200
motion rect0 411 000 283 100 097 224 206 229  416 000 283 100 097 224 206 229
motion rect0 416 000 283 100 097 224 206 229  421 000 283 100 097 224 206 229
motion rect3 411 300 023 100 357 015 240 009  416 300 023 100 357 015 240 009
motion rect3 416 300 023 100 357 015 240 009  421 100 023 100 357 015 240 009
motion rect1 411 200 134 100 246 170 208 151  416 200 134 100 246 170 208 151
motion rect1 416 200 134 100 246 170 208 151  421 200 134 100 246 170 208 151
motion rect2 411 100 354 100 026 114 212 031  416 100 354 100 026 114 212 031
motion rect2 416 100 354 100 026 114 212 031  421 300 354 100 026 114 212 031
motion rect4 411 400 291 100 089 063 024 200  416 400 291 100 089 063 024 200
motion rect4 416 400 291 100 089 063 024 200  421 400 291 100 089 063 024 200
motion rect1 421 200 134 100 246 170 208 151  426 200 134 100 246 170 208 151
motion rect1 426 200 134 100 246 170 208 151  431 000 134 100 246 170 208 151
motion rect3 421 100 023 100 357 015 240 009  426 100 023 100 357 015 240 009
motion rect3 426 100 023 100 357 015 240 009  431 100 023 100 357 015 240 009
motion rect2 421 300 354 100 026 114 212 031  426 300 354 100 026 114 212 031
motion rect2 426 300 354 100 026 114 212 031  431 200 354 100 026 114 212 031
motion rect0 421 000 283 100 097 224 206 229  426 000 283 100 097 224 206 229
motion rect0 426 000 283 100 097 224 206 229  431 300 283 100 097 224 206 229
motion rect4 421 400 291 100 089 063 024 200  426 400 291 100 089 063 024 200
motion rect4 426 400 291 100 089 063 024 200  431 400 291 100 089 063 024 200
motion rect3 431 100 023 100 357 015 240 009  436 100 023 100 357 015 240 009
motion rect3 436 100 023 100 357 015 240 009  441 000 023 100 357 015 240 009
motion rect4 431 400 291 100 089 063 024 200  436 400 291 100 089 063 024 200
motion rect4 436 400 291 100 089 063 024 200  441 100 291 100 089 063 024 200
motion rect1 431 000 134 100 246 170 208 151  436 000 134 100 246 170 208 151
motion rect1 436 000 134 100 246 170 208 151  441 200 134 100 246 170 208 151
motion rect0 431 300 283 100 097 224 206 229  436 300 283 100 097 224 206 229
motion rect0 436 300 283 100 097 224 206 229  441 300 283 100 097 224 206 229
motion rect2 431 200 354 100 026 114 212 031  436 200 354 100 026 114 212 031
motion rect2 436 200 354 100 026 114 212 031  441 400 354 100 026 114 212 031
motion rect2 441 400 354 100 026 114 212 031  446 400 354 100 026 114 212 031
motion rect2 446 400 354 100 026 114 212 031  451 000 354 100 026 114 212 031
motion rect1 441 200 134 100 246 170 208 151  446 200 134 100 246 170 208 151
motion rect1 446 200 134 100 246 170 208 151  451 100 134 100 246 170 208 151
motion rect0 441 300 283 100 097 224 206 229  446 300 283 100 097 224 206 229
motion rect0 446 300 283 100 097 224 206 229  451 200 283 100 097 224 206 229
motion rect4 441 100 291 100 089 063 024 200  446 100 291 100 089 063 024 200
motion rect4 446 100 291 100 089 063 024 200  451 300 291 100 089 063 024 200
motion rect3 441 000 023 100 357 015 240 009  446 000 023 100 357 015 240 009
motion rect3 446 000 023 100 357 015 240 009  451 400 023 100 357 015 240 009
motion rect1 451 100 134 100 246 170 208 151  456 100 134 100 246 170 208 151
motion rect1 456 100 134 100 246 170 208 151  461 000 134 100 246 170 208 151
motion rect3 451 400 023 100 357 015 240 009  456 400 023 100 357 015 240 009
motion rect3 456 400 023 100 357 015 240 009  461 100 023 100 357 015 240 009
motion rect2 451 000 354 100 026 114 212 031  456 000 354 100 026 114 212 031
motion rect2 456 000 354 100 026 114 212 031  461 200 354 100 026 114 212 031
motion rect0 451 200 283 100 097 224 206 229  456 200 283 100 097 224 206 229
motion rect0 456 200 283 100 097 224 206 229  461 300 283 100 097 224 206 229
motion rect4 451 300 291 100 089 063 024 200  456 300 291 100 089 063 024 200
motion rect4 456 300 291 100 089 063 024 200  461 400 291 100 089 063 024 200
motion rect2 461 200 354 100 026 114 212 031  466 200 354 100 026 114 212 031
motion rect2 466 200 354 100 026 114 212 031  471 000 354 100 026 114 212 031
motion rect4 461 400 291 100 089 063 024 200  466 400 291 100 089 063 024 200
motion rect4 466 400 291 100 089 063 024 200  471 100 291 100 089 063 024 200
motion rect3 461 100 023 100 357 015 240 009  466 100 023 100 357 015 240 009
motion rect3 466 100 023 100 357 015 240 009  471 200 023 100 357 015 240 009
motion rect1 461 000 134 100 246 170 208 151  466 000 134 100 246 170 208 151
motion rect1 466 000 134 100 246 170 208 151  471 300 134 100 246 170 208 151
motion rect0 461 300 283 100 097 224 206 229  466 300 283 100 097 224 206 229
motion rect0 466 300 283 100 097 224 206 229  471 400 283 100 097 224 206 229
motion rect2 471 000 354 100 026 114 212 031  476 000 354 100 026 114 212 031
motion rect2 476 000 354 100 026 114 212 031  481 000 354 100 026 114 212 031
motion rect4 471 100 291 100 089 063 024 200  476 100 291 100 089 063 024 200
motion rect4 476 100 291 100 089 063 024 200  481 100 291 100 089 063 024 200
motion rect1 471 300 134 100 246 170 208 151  476 300 134 100 246 170 208 151
motion rect1 476 300 134 100 246 170 208 151  481 200 134 100 246 170 208 151
motion rect3 471 200 023 100 357 015 240 009  476 200 023 100 357 015 240 009
motion rect3 476 200 023 100 357 015 240 009  481 300 023 100 357 015 240 009
motion rect0 471 400 283 100 097 224 206 229  476 400 283 100 097 224 206 229
motion rect0 476 400 283 100 097 224 206 229  481 400 283 100 097 224 206 229
motion rect0 481 400 283 100 097 224 206 229  486 400 283 100 097 224 206 229
motion rect0 486 400 283 100 097 224 206 229  491 000 283 100 097 224 206 229
motion rect1 481 200 134 100 246 170 208 151  486 200 134 100 246 170 208 151
motion rect1 486 200 134 100 246 170 208 151  491 100 134 100 246 170 208 151
motion rect2 481 000 354 100 026 114 212 031  486 000 354 100 026 114 212 031
motion rect2 486 000 354 100 026 114 212 031  491 200 354 100 026 114 212 031
motion rect3 481 300 023 100 357 015 240 009  486 300 023 100 357 015 240 009
motion rect3 486 300 023 100 357 015 240 009  491 300 023 100 357 015 240 009
motion rect4 481 100 291 100 089 063 024 200  486 100 291 100 089 063 024 200
motion rect4 486 100 291 100 089 063 024 200  491 400 291 100 089 063 024 200
motion rect3 491 300 023 100 357 015 240 009  496 300 023 100 357 015 240 009
motion rect3 496 300 023 100 357 015 240 009  501 000 023 100 357 015 240 009
motion rect2 491 200 354 100 026 114 212 031  496 200 354 100 026 114 212 031
motion rect2 496 200 354 100 026 114 212 031  501 100 354 100 026 114 212 031
motion rect4 491 400 291 100 089 063 024 200  496 400 291 100 089 063 024 200
motion rect4 496 400 291 100 089 063 024 200  501 200 291 100 089 063 024 200
motion rect0 491 000 283 100 097 224 206 229  496 000 283 100 097 224 206 229
motion rect0 496 000 283 100 097 224 206 229  501 300 283 100 097 224 206 229
motion rect1 491 100 134 100 246 170 208 151  496 100 134 100 246 170 208 151
motion rect1 496 100 134 100 246 170 208 151  501 400 134 100 246 170 208 151
motion rect0 501 300 283 100 097 224 206 229  506 300 283 100 097 224 206 229
motion rect0 506 300 283 100 097 224 206 229  511 000 283 100 097 224 206 229
motion rect3 501 000 023 100 357 015 240 009  506 000 023 100 357 015 240 009
motion rect3 506 000 023 100 357 015 240 009  511 100 023 100 357 015 240 009
motion rect1 501 400 134 100 246 170 208 151  506 400 134 100 246 170 208 151
motion rect1 506 400 134 100 246 170 208 151  511 200 134 100 246 170 208 151
motion rect4 501 200 291 100 089 063 024 200  506 200 291 100 089 063 024 200
motion rect4 506 200 291 100 089 063 024 200  511 300 291 100 089 063 024 200
motion rect2 501 100 354 100 026 114 212 031  506 100 354 100 026 114 212 031
motion rect2 506 100 354 100 026 114 212 031  511 400 354 100 026 114 212 031
motion rect3 511 100 023 100 357 015 240 009  516 100 023 100 357 015 240 009
motion rect3 516 100 023 100 357 015 240 009  521 000 023 100 357 015 240 009
motion rect0 511 000 283 100 097 224 206 229  516 000 283 100 097 224 206 229
motion rect0 516 000 283 100 097 224 206 229  521 100 283 100 097 224 206 229
motion rect2 511 400 354 100 026 114 212 031  516 400 354 100 026 114 212 031
motion rect2 516 400 354 100 026 114 212 031  521 200 354 100 026 114 212 031
motion rect1 511 200 134 100 246 170 208 151  516 200 134 100 246 170 208 151
motion rect1 516 200 134 100 246 170 208 151  521 300 134 100 246 170 208 151
motion rect4 511 300 291 100 089 063 024 200  516 300 291 100 089 063 024 200
motion rect4 516 300 291 100 089 063 024 200  521 400 291 100 089 063 024 200
motion rect3 521 000 023 100 357 015 240 009  526 000 023 100 357 015 240 009
motion rect3 526 000 023 100 357 015 240 009  531 000 023 100 357 015 240 009
motion rect1 521 300 134 100 246 170 208 151  526 300 134 100 246 170 208 151
motion rect1 526 300 134 100 246 170 208 151  531 100 134 100 246 170 208 151
motion rect2 521 200 354 100 026 114 212 031  526 200 354 100 026 114 212 031
motion rect2 526 200 354 100 026 114 212 031  531 200 354 100 026 114 212 031
motion rect0 521 100 283 100 097 224 206 229  526 100 283 100 097 224 206 229
motion rect0 526 100 283 100 097 224 206 229  531 300 283 100 097 224 206 229
motion rect4 521 400 291 100 089 063 024 200  526 400 291 100 089 063 024 200
motion rect4 526 400 291 100 089 063 024 200  531 400 291 100 089 063 024 200
motion rect2 531 200 354 100 026 114 212 031  536 200 354 100 026 114 212 031
motion rect2 536 200 354 100 026 114 212 031  541 000 354 100 026 114 212 031
motion rect1 531 100 134 100 246 170 208 151  536 100 134 100 246 170 208 151
motion rect1 536 100 134 100 246 170 208 151  541 100 134 100 246 170 208 151
motion rect0 531 300 283 100 097 224 206 229  536 300 283 100 097 224 206 229
motion rect0 536 300 283 100 097 224 206 229  541 200 283 100 097 224 206 229
motion rect3 531 000 023 100 357 015 240 009  536 000 023 100 357 015 240 009
motion rect3 536 000 023 100 357 015 240 009  541 300 023 100 357 015 240 009
motion rect4 531 400 291 100 089 063 024 200  536 400 291 100 089 063 024 200
motion rect4 536 400 291 100 089 063 024 200  541 400 291 100 089 063 024 200
motion rect0 541 200 283 100 097 224 206 229  546 200 283 100 097 224 206 229
motion rect0 546 200 283 100 097 224 206 229  551 000 283 100 097 224 206 229
motion rect4 541 400 291 100 089 063 024 200  546 400 291 100 089 063 024 200
motion rect4 546 400 291 100 089 063 024 200  551 100 291 100 089 063 024 200
motion rect1 541 100 134 100 246 170 208 151  546 100 134 100 246 170 208 151
motion rect1 546 100 134 100 246 170 208 151  551 200 134 100 246 170 208 151
motion rect2 541 000 354 100 026 114 212 031  546 000 354 100 026 114 212 031
motion rect2 546 000 354 100 026 114 212 031  551 300 354 100 026 114 212 031
motion rect3 541 300 023 100 357 015 240 009  546 300 023 100 357 015 240 009
motion rect3 546 300 023 100 357 015 240 009  551 400 023 100 357 015 240 009
motion rect1 551 200 134 100 246 170 208 151  556 200 134 100 246 170 208 151
motion rect1 556 200 134 100 246 170 208 151  561 000 134 100 246 170 208 151
motion rect2 551 300 354 100 026 114 212 031  556 300 354 100 026 114 212 031
motion rect2 556 300 354 100 026 114 212 031  561 100 354 100 026 114 212 031
motion rect4 551 100 291 100 089 063 024 200  556 100 291 100 089 063 024 200
motion rect4 556 100 291 100 089 063 024 200  561 200 291 100 089 063 024 200
motion rect0 551 000 283 100 097 224 206 229  556 000 283 100 097 224 206 229
motion rect0 556 000 283 100 097 224 206 229  561 300 283 100 097 224 206 229
motion rect3 551 400 023 100 357 015 240 009  556 400 023 100 357 015 240 009
motion rect3 556 400 023 100 357 015 240 009  561 400 023 100 357 015 240 009
motion rect1 561 000 134 100 246 170 208 151  566 000 134 100 246 170 208 151
motion rect1 566 000 134 100 246 170 208 151  571 000 134 100 246 170 208 151
motion rect2 561 100 354 100 026 114 212 031  566 100 354 100 026 114 212 031
motion rect2 566 100 354 100 026 114 212 031  571 100 354 100 026 114 212 031
motion rect4 561 200 291 100 089 063 024 200  566 200 291 100 089 063 024 200
motion rect4 566 200 291 100 089 063 024 200  571 200 291 100 089 063 024 200
motion rect0 561 300 283 100 097 224 206 229  566 300 283 100 097 224 206 229
motion rect0 566 300 283 100 097 224 206 229  571 300 283 100 097 224 206 229
motion rect3 561 400 023 100 357 015 240 009  566 400 023 100 357 015 240 009
motion rect3 566 400 023 100 357 015 240 009  571 400 023 100 357 015 240 009
motion rect1 571 000 134 100 246 170 208 151  576 000 134 100 246 170 208 151
motion rect1 576 000 134 100 246 170 208 151  581 000 134 100 246 170 208 151
motion rect0 571 300 283 100 097 224 206 229  576 300 283 100 097 224 206 229
motion rect0 576 300 283 100 097 224 206 229  581 100 283 100 097 224 206 229
motion rect3 571 400 023 100 357 015 240 009  576 400 023 100 357 015 240 009
motion rect3 576 400 023 100 357 015 240 009  581 200 023 100 357 015 240 009
motion rect2 571 100 354 100 026 114 212 031  576 100 354 100 026 114 212 031
motion rect2 576 100 354 100 026 114 212 031  581 300 354 100 026 114 212 031
motion rect4 571 200 291 100 089 063 024 200  576 200 291 100 089 063 024 200
motion rect4 576 200 291 100 089 063 024 200  581 400 291 100 089 063 024 200
motion rect2 581 300 354 100 026 114 212 031  586 300 354 100 026 114 212 031
motion rect2 586 300 354 100 026 114 212 031  591 000 354 100 026 114 212 031
motion rect3 581 200 023 100 357 015 240 009  586 200 023 100 357 015 240 009
motion rect3 586 200 023 100 357 015 240 009  591 100 023 100 357 015 240 009
motion rect4 581 400 291 100 089 063 024 200  586 400 291 100 089 063 024 200
motion rect4 586 400 291 100 089 063 024 200  591 200 291 100 089 063 024 200
motion rect0 581 100 283 100 097 224 206 229  586 100 283 100 097 224 206 229
motion rect0 586 100 283 100 097 224 206 229  591 300 283 100 097 224 206 229
motion rect1 581 000 134 100 246 170 208 151  586 000 134 100 246 170 208 151
motion rect1 586 000 134 100 246 170 208 151  591 400 134 100 246 170 208 151
motion rect0 591 300 283 100 097 224 206 229  596 300 283 100 097 224 206 229
motion rect0 596 300 283 100 097 224 206 229  601 000 283 100 097 224 206 229
motion rect4 591 200 291 100 089 063 024 200  596 200 291 100 089 063 024 200
motion rect4 596 200 291 100 089 063 024 200  601 100 291 100 089 063 024 200
motion rect1 591 400 134 100 246 170 208 151  596 400 134 100 246 170 208 151
motion rect1 596 400 134 100 246 170 208 151  601 200 134 100 246 170 208 151
motion rect3 591 100 023 100 357 015 240 009  596 100 023 100 357 015 240 009
motion rect3 596 100 023 100 357 015 240 009  601 300 023 100 357 015 240 009
motion rect2 591 000 354 100 026 114 212 031  596 000 354 100 026 114 212 031
motion rect2 596 000 354 100 026 114 212 031  601 400 354 100 026 114 212 031
motion rect4 601 100 291 100 089 063 024 200  606 100 291 100 089 063 024 200
motion rect4 606 100 291 100 089 063 024 200  611 000 291 100 089 063 024 200
motion rect2 601 400 354 100 026 114 212 031  606 400 354 100 026 114 212 031
motion rect2 606 400 354 100 026 114 212 031  611 100 354 100 026 114 212 031
motion rect3 601 300 023 100 357 015 240 009  606 300 023 100 357 015 240 009
motion rect3 606 300 023 100 357 015 240 009  611 200 023 100 357 015 240 009
motion rect0 601 000 283 100 097 224 206 229  606 000 283 100 097 224 206 229
motion rect0 606 000 283 100 097 224 206 229  611 300 283 100 097 224 206 229
motion rect1 601 200 134 100 246 170 208 151  606 200 134 100 246 170 208 151
motion rect1 606 200 134 100 246 170 208 151  611 400 134 100 246 170 208 151
motion rect1 611 400 134 100 246 170 208 151  616 400 134 100 246 170 208 151
motion rect1 616 400 134 100 246 170 208 151  621 000 134 100 246 170 208 151
motion rect2 611 100 354 100 026 114 212 031  616 100 354 100 026 114 212 031
motion rect2 616 100 354 100 026 114 212 031  621 100 354 100 026 114 212 031
motion rect4 611 000 291 100 089 063 024 200  616 000 291 100 089 063 024 200
motion rect4 616 000 291 100 089 063 024 200  621 200 291 100 089 063 024 200
motion rect0 611 300 283 100 097 224 206 229  616 300 283 100 097 224 206 229
motion rect0 616 300 283 100 097 224 206 229  621 300 283 100 097 224 206 229
motion rect3 611 200 023 100 357 015 240 009  616 200 023 100 357 015 240 009
motion rect3 616 200 023 100 357 015 240 009  621 400 023 100 357 015 240 009
motion rect2 621 100 354 100 026 114 212 031  626 100 354 100 026 114 212 031
motion rect2 626 100 354 100 026 114 212 031  631 000 354 100 026 114 212 031
motion rect3 621 400 023 100 357 015 240 009  626 400 023 100 357 015 240 009
motion rect3 626 400 023 100 357 015 240 009  631 100 023 100 357 015 240 009
motion rect0 621 300 283 100 097 224 206 229  626 300 283 100 097 224 206 229
motion rect0 626 300 283 100 097 224 206 229  631 200 283 100 097 224 206 229
motion rect1 621 000 134 100 246 170 208 151  626 000 134 100 246 170 208 151
motion rect1 626 000 134 100 246 170 208 151  631 300 134 100 246 170 208 151
motion rect4 621 200 291 100 089 063 024 200  626 200 291 100 089 063 024 200
motion rect4 626 200 291 100 089 063 024 200  631 400 291 100 089 063 024 200
motion rect3 631 100 023 100 357 015 240 009  636 100 023 100 357 015 240 009
motion rect3 636 100 023 100 357 015 240 009  641 000 023 100 357 015 240 009
motion rect2 631 000 354 100 026 114 212 031  636 000 354 100 026 114 212 031
motion rect2 636 000 354 100 026 114 212 031  641 100 354 100 026 114 212 031
motion rect1 631 300 134 100 246 170 208 151  636 300 134 100 246 170 208 151
motion rect1 636 300 134 100 246 170 208 151  641 200 134 100 246 170 208 151
motion rect4 631 400 291 100 089 063 024 200  636 400 291 100 089 063 024 200
motion rect4 636 400 291 100 089 063 024 200  641 300 291 100 089 063 024 200
motion rect0 631 200 283 100 097 224 206 229  636 200 283 100 097 224 206 229
motion rect0 636 200 283 100 097 224 206 229  641 400 283 100 097 224 206 229
motion rect0 641 400 283 100 097 224 206 229  646 400 283 100 097 224 206 229
motion rect0 646 400 283 100 097 224 206 229  651 000 283 100 097 224 206 229
motion rect3 641 000 023 100 357 015 240 009  646 000 023 100 357 015 240 009
motion rect3 646 000 023 100 357 015 240 009  651 100 023 100 357 015 240 009
motion rect4 641 300 291 100 089 063 024 200  646 300 291 100 089 063 024 200
motion rect4 646 300 291 100 089 063 024 200  651 200 291 100 089 063 024 200
motion rect1 641 200 134 100 246 170 208 151  646 200 134 100 246 170 208 151
motion rect1 646 200 134 100 246 170 208 151  651 300 134 100 246 170 208 151
motion rect2 641 100 354 100 026 114 212 031  646 100 354 100 026 114 212 031
motion rect2 646 100 354 100 026 114 212 031  651 400 354 100 026 114 212 031
motion rect2 651 400 354 100 026 114 212 031  656 400 354 100 026 114 212 031
motion rect2 656 400 354 100 026 114 212 031  661 000 354 100 026 114 212 031
motion rect4 651 200 291 100 089 063 024 200  656 200 291 100 089 063 024 200
motion rect4 656 200 291 100 089 063 024 200  661 100 291 100 089 063 024 200
motion rect1 651 300 134 100 246 170 208 151  656 300 134 100 246 170 208 151
motion rect1 656 300 134 100 246 170 208 151  661 200 134 100 246 170 208 151
motion rect0 651 000 283 100 097 224 206 229  656 000 283 100 097 224 206 229
motion rect0 656 000 283 100 097 224 206 229  661 300 283 100 097 224 206 229
motion rect3 651 100 023 100 357 015 240 009  656 100 023 100 357 015 240 009
motion rect3 656 100 023 100 357 015 240 009  661 400 023 100 357 015 240 009
motion rect1 661 200 134 100 246 170 208 151  666 200 134 100 246 170 208 151
motion rect1 666 200 134 100 246 170 208 151  671 000 134 100 246 170 208 151
motion rect4 661 100 291 100 089 063 024 200  666 100 291 100 089 063 024 200
motion rect4 666 100 291 100 089 063 024 200  671 100 291 100 089 063 024 200
motion rect3 661 400 023 100 357 015 240 009  666 400 023 100 357 015 240 009
motion rect3 666 400 023 100 357 015 240 009  671 200 023 100 357 015 240 009
motion rect2 661 000 354 100 026 114 212 031  666 000 354 100 026 114 212 031
motion rect2 666 000 354 100 026 114 212 031  671 300 354 100 026 114 212 031
motion rect0 661 300 283 100 097 224 206 229  666 300 283 100 097 224 206 229
motion rect0 666 300 283 100 097 224 206 229  671 400 283 100 097 224 206 229
motion rect3 671 200 023 100 357 015 240 009  676 200 023 100 357 015 240 009
motion rect3 676 200 023 100 357 015 240 009  681 000 023 100 357 015 240 009
motion rect1 671 000 134 100 246 170 208 151  676 000 134 100 246 170 208 151
motion rect1 676 000 134 100 246 170 208 151  681 100 134 100 246 170 208 151
motion rect2 671 300 354 100 026 114 212 031  676 300 354 100 026 114 212 031
motion rect2 676 300 354 100 026 114 212 031  681 200 354 100 026 114 212 031
motion rect0 671 400 283 100 097 224 206 229  676 400 283 100 097 224 206 229
motion rect0 676 400 283 100 097 224 206 229  681 300 283 100 097 224 206 229
motion rect4 671 100 291 100 089 063 024 200  676 100 291 100 089 063 024 200
motion rect4 676 100 291 100 089 063 024 200  681 400 291 100 089 063 024 200
motion rect0 681 300 283 100 097 224 206 229  686 300 283 100 097 224 206 229
motion rect0 686 300 283 100 097 224 206 229  691 000 283 100 097 224 206 229
motion rect4 681 400 291 100 089 063 024 200  686 400 291 100 089 063 024 200
motion rect4 686 400 291 100 089 063 024 200  691 100 291 100 089 063 024 200
motion rect2 681 200 354 100 026 114 212 031  686 200 354 100 026 114 212 031
motion rect2 686 200 354 100 026 114 212 031  691 200 354 100 026 114 212 031
motion rect1 681 100 134 100 246 170 208 151  686 100 134 100 246 170 208 151
motion rect1 686 100 134 100 246 170 208 151  691 300 134 100 246 170 208 151
motion rect3 681 000 023 100 357 015 240 009  686 000 023 100 357 015 240 009
motion rect3 686 000 023 100 357 015 240 009  691 400 023 100 357 015 240 009
motion rect2 691 200 354 100 026 114 212 031  696 200 354 100 026 114 212 031
motion rect2 696 200 354 100 026 114 212 031  701 000 354 100 026 114 212 031
motion rect4 691 100 291 100 089 063 024 200  696 100 291 100 089 063 024 200
motion rect4 696 100 291 100 089 063 024 200  701 100 291 100 089 063 024 200
motion rect3 691 400 023 100 357 015 240 009  696 400 023 100 357 015 240 009
motion rect3 696 400 023 100 357 015 240 009  701 200 023 100 357 015 240 009
motion rect1 691 300 134 100 246 170 208 151  696 300 134 100 246 170 208 151
motion rect1 696 300 134 100 246 170 208 151  701 300 134 100 246 170 208 151
motion rect0 691 000 283 100 097 224 206 229  696 000 283 100 097 224 206 229
motion rect0 696 000 283 100 097 224 206 229  701 400 283 100 097 224 206 229
motion rect4 701 100 291 100 089 063 024 200  706 100 291 100 089 063 024 200
motion rect4 706 100 291 100 089 063 024 200  711 000 291 100 089 063 024 200
motion rect0 701 400 283 100 097 224 206 229  706 400 283 100 097 224 206 229
motion rect0 706 400 283 100 097 224 206 229  711 100 283 100 097 224 206 229
motion rect1 701 300 134 100 246 170 208 151  706 300 134 100 246 170 208 151
motion rect1 706 300 134 100 246 170 208 151  711 200 134 100 246 170 208 151
motion rect2 701 000 354 100 026 114 212 031  706 000 354 100 026 114 212 031
motion rect2 706 000 354 100 026 114 212 031  711 300 354 100 026 114 212 031
motion rect3 701 200 023 100 357 015 240 009  706 200 023 100 357 015 240 009
motion rect3 706 200 023 100 357 015 240 009  711 400 023 100 357 015 240 009
motion rect4 711 000 291 100 089 063 024 200  716 000 291 100 089 063 024 200
motion rect4 716 000 291 100 089 063 024 200  721 000 291 100 089 063 024 200
motion rect2 711 300 354 100 026 114 212 031  716 300 354 100 026 114 212 031
motion rect2 716 300 354 100 026 114 212 031  721 100 354 100 026 114 212 031
motion rect3 711 400 023 100 357 015 240 009  716 400 023 100 357 015 240 009
motion rect3 716 400 023 100 357 015 240 009  721 200 023 100 357 015 240 009
motion rect0 711 100 283 100 097 224 206 229  716 100 283 100 097 224 206 229
motion rect0 716 100 283 100 097 224 206 229  721 300 283 100 097 224 206 229
motion rect1 711 200 134 100 246 170 208 151  716 200 134 100 246 170 208 151
motion rect1 716 200 134 100 246 170 208 151  721 400 134 100 246 170 208 151
motion rect4 721 000 291 100 089 063 024 200  726 000 291 100 089 063 024 200
motion rect4 726 000 291 100 089 063 024 200  731 000 291 100 089 063 024 200
motion rect0 721 300 283 100 097 224 206 229  726 300 283 100 097 224 206 229
motion rect0 726 300 283 100 097 224 206 229  731 100 283 100 097 224 206 229
motion rect3 721 200 023 100 357 015 240 009  726 200 023 100 357 015 240 009
motion rect3 726 200 023 100 357 015 240 009  731 200 023 100 357 015 240 009
motion rect1 721 400 134 100 246 170 208 151  726 400 134 100 246 170 208 151
motion rect1 726 400 134 100 246 170 208 151  731 300 134 100 246 170 208 151
motion rect2 721 100 354 100 026 114 212 031  726 100 354 100 026 114 212 031
motion rect2 726 100 354 100 026 114 212 031  731 400 354 100 026 114 212 031
motion rect1 731 300 134 100 246 170 208 151  736 300 134 100 246 170 208 151
motion rect1 736 300 134 100 246 170 208 151  741 000 134 100 246 170 208 151
motion rect0 731 100 283 100 097 224 206 229  736 100 283 100 097 224 206 229
motion rect0 736 100 283 100 097 224 206 229  741 100 283 100 097 224 206 229
motion rect3 731 200 023 100 357 015 240 009  736 200 023 100 357 015 240 009
motion rect3 736 200 023 100 357 015 240 009  741 200 023 100 357 015 240 009
motion rect2 731 400 354 100 026 114 212 031  736 400 354 100 026 114 212 031
motion rect2 736 400 354 100 026 114 212 031  741 300 354 100 026 114 212 031
motion rect4 731 000 291 100 089 063 024 200  736 000 291 100 089 063 024 200
motion rect4 736 000 291 100 089 063 024 200  741 400 291 100 089 063 024 200
motion rect2 741 300 354 100 026 114 212 031  746 300 354 100 026 114 212 031
motion rect2 746 300 354 100 026 114 212 031  751 000 354 100 026 114 212 031
motion rect1 741 000 134 100 246 170 208 151  746 000 134 100 246 170 208 151
motion rect1 746 000 134 100 246 170 208 151  751 100 134 100 246 170 208 151
motion rect0 741 100 283 100 097 224 206 229  746 100 283 100 097 224 206 229
motion rect0 746 100 283 100 097 224 206 229  751 200 283 100 097 224 206 229
motion rect4 741 400 291 100 089 063 024 200  746 400 291 100 089 063 024 200
motion rect4 746 400 291 100 089 063 024 200  751 300 291 100 089 063 024 200
motion rect3 741 200 023 100 357 015 240 009  746 200 023 100 357 015 240 009
motion rect3 746 200 023 100 357 015 240 009  751 400 023 100 357 015 240 009
motion rect1 751 100 134 100 246 170 208 151  756 100 134 100 246 170 208 151
motion rect1 756 100 134 100 246 170 208 151  761 000 134 100 246 170 208 151
motion rect4 751 300 291 100 089 063 024 200  756 300 291 100 089 063 024 200
motion rect4 756 300 291 100 089 063 024 200  761 100 291 100 089 063 024 200
motion rect0 751 200 283 100 097 224 206 229  756 200 283 100 097 224 206 229
motion rect0 756 200 283 100 097 224 206 229  761 200 283 100 097 224 206 229
motion rect3 751 400 023 100 357 015 240 009  756 400 023 100 357 015 240 009
motion rect3 756 400 023 100 357 015 240 009  761 300 023 100 357 015 240 009
motion rect2 751 000 354 100 026 114 212 031  756 000 354 100 026 114 212 031
motion rect2 756 000 354 100 026 114 212 031  761 400 354 100 026 114 212 031
motion rect2 761 400 354 100 026 114 212 031  766 400 354 100 026 114 212 031
motion rect2 766 400 354 100 026 114 212 031  771 000 354 100 026 114 212 031
motion rect4 761 100 291 100 089 063 024 200  766 100 291 100 089 063 024 200
motion rect4 766 100 291 100 089 063 024 200  771 100 291 100 089 063 024 200
motion rect0 761 200 283 100 097 224 206 229  766 200 283 100 097 224 206 229
motion rect0 766 200 283 100 097 224 206 229  771 200 283 100 097 224 206 229
motion rect1 761 000 134 100 246 170 208 151  766 000 134 100 246 170 208 151
motion rect1 766 000 134 100 246 170 208 151  771 300 134 100 246 170 208 151
motion rect3 761 300 023 100 357 015 240 009  766 300 023 100 357 015 240 009
motion rect3 766 300 023 100 357 015 240 009  771 400 023 100 357 015 240 009
motion rect2 771 000 354 100 026 114 212 031  776 000 354 100 026 114 212 031
motion rect2 776 000 354 100 026 114 212 031  781 000 354 100 026 000 200 000
motion rect4 771 100 291 100 089 063 024 200  776 100 291 100 089 063 024 200
motion rect4 776 100 291 100 089 063 024 200  781 100 291 100 089 000 200 000
motion rect0 771 200 283 100 097 224 206 229  776 200 283 100 097 224 206 229
motion rect0 776 200 283 100 097 224 206 229  781 200 283 100 097 000 200 000
motion rect1 771 300 134 100 246 170 208 151  776 300 134 100 246 170 208 151
motion rect1 776 300 134 100 246 170 208 151  781 300 134 100 246 000 200 000
motion rect3 771 400 023 100 357 015 240 009  776 400 023 100 357 015 240 009
motion rect3 776 400 023 100 357 015 240 009  781 400 023 100 357 000 200 000
