canvas 0 0 500 380
shape rect0 rectangle
shape rect1 rectangle
shape rect2 rectangle
shape rect3 rectangle
shape rect4 rectangle
shape rect5 plus
motion rect5 1 100 100 50 50 149 039 191     100 250 250 100 100 000 233 002
motion rect0 1 000 266 100 114 217 135 023  6 000 266 100 114 217 135 023
motion rect0 6 000 266 100 114 217 135 023  11 000 266 100 114 217 135 023
motion rect3 1 300 132 100 248 111 250 193  6 300 132 100 248 111 250 193
motion rect3 6 300 132 100 248 111 250 193  11 100 132 100 248 111 250 193
motion rect4 1 400 290 100 090 119 078 039  6 400 290 100 090 119 078 039
motion rect4 6 400 290 100 090 119 078 039  11 200 290 100 090 119 078 039
motion rect2 1 200 310 100 070 058 044 042  6 200 310 100 070 058 044 042
motion rect2 6 200 310 100 070 058 044 042  11 300 310 100 070 058 044 042
motion rect1 1 100 296 100 084 003 105 149  6 100 296 100 084 003 105 149
motion rect1 6 100 296 100 084 003 105 149  11 400 296 100 084 003 105 149
motion rect4 11 200 290 100 090 119 078 039  16 200 290 100 090 119 078 039
motion rect4 16 200 290 100 090 119 078 039  21 000 290 100 090 119 078 039
motion rect3 11 100 132 100 248 111 250 193  16 100 132 100 248 111 250 193
motion rect3 16 100 132 100 248 111 250 193  21 100 132 100 248 111 250 193
motion rect0 11 000 266 100 114 217 135 023  16 000 266 100 114 217 135 023
motion rect0 16 000 266 100 114 217 135 023  21 200 266 100 114 217 135 023
motion rect2 11 300 310 100 070 058 044 042  16 300 310 100 070 058 044 042
motion rect2 16 300 310 100 070 058 044 042  21 300 310 100 070 058 044 042
motion rect1 11 400 296 100 084 003 105 149  16 400 296 100 084 003 105 149
motion rect1 16 400 296 100 084 003 105 149  21 400 296 100 084 003 105 149
motion rect1 21 400 296 100 084 003 105 149  26 400 296 100 084 003 105 149
motion rect1 26 400 296 100 084 003 105 149  31 000 296 100 084 003 105 149
motion rect3 21 100 132 100 248 111 250 193  26 100 132 100 248 111 250 193
motion rect3 26 100 132 100 248 111 250 193  31 100 132 100 248 111 250 193
motion rect4 21 000 290 100 090 119 078 039  26 000 290 100 090 119 078 039
motion rect4 26 000 290 100 090 119 078 039  31 200 290 100 090 119 078 039
motion rect0 21 200 266 100 114 217 135 023  26 200 266 100 114 217 135 023
motion rect0 26 200 266 100 114 217 135 023  31 300 266 100 114 217 135 023
motion rect2 21 300 310 100 070 058 044 042  26 300 310 100 070 058 044 042
motion rect2 26 300 310 100 070 058 044 042  31 400 310 100 070 058 044 042
motion rect1 31 000 296 100 084 003 105 149  36 000 296 100 084 003 105 149
motion rect1 36 000 296 100 084 003 105 149  41 000 296 100 084 003 105 149
motion rect0 31 300 266 100 114 217 135 023  36 300 266 100 114 217 135 023
motion rect0 36 300 266 100 114 217 135 023  41 100 266 100 114 217 135 023
motion rect4 31 200 290 100 090 119 078 039  36 200 290 100 090 119 078 039
motion rect4 36 200 290 100 090 119 078 039  41 200 290 100 090 119 078 039
motion rect2 31 400 310 100 070 058 044 042  36 400 310 100 070 058 044 042
motion rect2 36 400 310 100 070 058 044 042  41 300 310 100 070 058 044 042
motion rect3 31 100 132 100 248 111 250 193  36 100 132 100 248 111 250 193
motion rect3 36 100 132 100 248 111 250 193  41 400 132 100 248 111 250 193
motion rect3 41 400 132 100 248 111 250 193  46 400 132 100 248 111 250 193
motion rect3 46 400 132 100 248 111 250 193  51 000 132 100 248 111 250 193
motion rect2 41 300 310 100 070 058 044 042  46 300 310 100 070 058 044 042
motion rect2 46 300 310 100 070 058 044 042  51 100 310 100 070 058 044 042
motion rect1 41 000 296 100 084 003 105 149  46 000 296 100 084 003 105 149
motion rect1 46 000 296 100 084 003 105 149  51 200 296 100 084 003 105 149
motion rect0 41 100 266 100 114 217 135 023  46 100 266 100 114 217 135 023
motion rect0 46 100 266 100 114 217 135 023  51 300 266 100 114 217 135 023
motion rect4 41 200 290 100 090 119 078 039  46 200 290 100 090 119 078 039
motion rect4 46 200 290 100 090 119 078 039  51 400 290 100 090 119 078 039
motion rect3 51 000 132 100 248 111 250 193  56 000 132 100 248 111 250 193
motion rect3 56 000 132 100 248 111 250 193  61 000 132 100 248 111 250 193
motion rect0 51 300 266 100 114 217 135 023  56 300 266 100 114 217 135 023
motion rect0 56 300 266 100 114 217 135 023  61 100 266 100 114 217 135 023
motion rect1 51 200 296 100 084 003 105 149  56 200 296 100 084 003 105 149
motion rect1 56 200 296 100 084 003 105 149  61 200 296 100 084 003 105 149
motion rect2 51 100 310 100 070 058 044 042  56 100 310 100 070 058 044 042
motion rect2 56 100 310 100 070 058 044 042  61 300 310 100 070 058 044 042
motion rect4 51 400 290 100 090 119 078 039  56 400 290 100 090 119 078 039
motion rect4 56 400 290 100 090 119 078 039  61 400 290 100 090 119 078 039
motion rect2 61 300 310 100 070 058 044 042  66 300 310 100 070 058 044 042
motion rect2 66 300 310 100 070 058 044 042  71 000 310 100 070 058 044 042
motion rect1 61 200 296 100 084 003 105 149  66 200 296 100 084 003 105 149
motion rect1 66 200 296 100 084 003 105 149  71 100 296 100 084 003 105 149
motion rect0 61 100 266 100 114 217 135 023  66 100 266 100 114 217 135 023
motion rect0 66 100 266 100 114 217 135 023  71 200 266 100 114 217 135 023
motion rect4 61 400 290 100 090 119 078 039  66 400 290 100 090 119 078 039
motion rect4 66 400 290 100 090 119 078 039  71 300 290 100 090 119 078 039
motion rect3 61 000 132 100 248 111 250 193  66 000 132 100 248 111 250 193
motion rect3 66 000 132 100 248 111 250 193  71 400 132 100 248 111 250 193
motion rect0 71 200 266 100 114 217 135 023  76 200 266 100 114 217 135 023
motion rect0 76 200 266 100 114 217 135 023  81 000 266 100 114 217 135 023
motion rect2 71 000 310 100 070 058 044 042  76 000 310 100 070 058 044 042
motion rect2 76 000 310 100 070 058 044 042  81 100 310 100 070 058 044 042
motion rect4 71 300 290 100 090 119 078 039  76 300 290 100 090 119 078 039
motion rect4 76 300 290 100 090 119 078 039  81 200 290 100 090 119 078 039
motion rect3 71 400 132 100 248 111 250 193  76 400 132 100 248 111 250 193
motion rect3 76 400 132 100 248 111 250 193  81 300 132 100 248 111 250 193
motion rect1 71 100 296 100 084 003 105 149  76 100 296 100 084 003 105 149
motion rect1 76 100 296 100 084 003 105 149  81 400 296 100 084 003 105 149
motion rect4 81 200 290 100 090 119 078 039  86 200 290 100 090 119 078 039
motion rect4 86 200 290 100 090 119 078 039  91 000 290 100 090 119 078 039
motion rect0 81 000 266 100 114 217 135 023  86 000 266 100 114 217 135 023
motion rect0 86 000 266 100 114 217 135 023  91 100 266 100 114 217 135 023
motion rect2 81 100 310 100 070 058 044 042  86 100 310 100 070 058 044 042
motion rect2 86 100 310 100 070 058 044 042  91 200 310 100 070 058 044 042
motion rect3 81 300 132 100 248 111 250 193  86 300 132 100 248 111 250 193
motion rect3 86 300 132 100 248 111 250 193  91 300 132 100 248 111 250 193
motion rect1 81 400 296 100 084 003 105 149  86 400 296 100 084 003 105 149
motion rect1 86 400 296 100 084 003 105 149  91 400 296 100 084 003 105 149
motion rect4 91 000 290 100 090 119 078 039  96 000 290 100 090 119 078 039
motion rect4 96 000 290 100 090 119 078 039  101 000 290 100 090 119 078 039
motion rect3 91 300 132 100 248 111 250 193  96 300 132 100 248 111 250 193
motion rect3 96 300 132 100 248 111 250 193  101 100 132 100 248 111 250 193
motion rect2 91 200 310 100 070 058 044 042  96 200 310 100 070 058 044 042
motion rect2 96 200 310 100 070 058 044 042  101 200 310 100 070 058 044 042
motion rect1 91 400 296 100 084 003 105 149  96 400 296 100 084 003 105 149
motion rect1 96 400 296 100 084 003 105 149  101 300 296 100 084 003 105 149
motion rect0 91 100 266 100 114 217 135 023  96 100 266 100 114 217 135 023
motion rect0 96 100 266 100 114 217 135 023  101 400 266 100 114 217 135 023
motion rect3 101 100 132 100 248 111 250 193  106 100 132 100 248 111 250 193
motion rect3 106 100 132 100 248 111 250 193  111 000 132 100 248 111 250 193
motion rect1 101 300 296 100 084 003 105 149  106 300 296 100 084 003 105 149
motion rect1 106 300 296 100 084 003 105 149  111 100 296 100 084 003 105 149
motion rect4 101 000 290 100 090 119 078 039  106 000 290 100 090 119 078 039
motion rect4 106 000 290 100 090 119 078 039  111 200 290 100 090 119 078 039
motion rect2 101 200 310 100 070 058 044 042  106 200 310 100 070 058 044 042
motion rect2 106 200 310 100 070 058 044 042  111 300 310 100 070 058 044 042
motion rect0 101 400 266 100 114 217 135 023  106 400 266 100 114 217 135 023
motion rect0 106 400 266 100 114 217 135 023  111 400 266 100 114 217 135 023
motion rect0 111 400 266 100 114 217 135 023  116 400 266 100 114 217 135 023
motion rect0 116 400 266 100 114 217 135 023  121 000 266 100 114 217 135 023
motion rect2 111 300 310 100 070 058 044 042  116 300 310 100 070 058 044 042
motion rect2 116 300 310 100 070 058 044 042  121 100 310 100 070 058 044 042
motion rect1 111 100 296 100 084 003 105 149  116 100 296 100 084 003 105 149
motion rect1 116 100 296 100 084 003 105 149  121 200 296 100 084 003 105 149
motion rect3 111 000 132 100 248 111 250 193  116 000 132 100 248 111 250 193
motion rect3 116 000 132 100 248 111 250 193  121 300 132 100 248 111 250 193
motion rect4 111 200 290 100 090 119 078 039  116 200 290 100 090 119 078 039
motion rect4 116 200 290 100 090 119 078 039  121 400 290 100 090 119 078 039
motion rect4 121 400 290 100 090 119 078 039  126 400 290 100 090 119 078 039
motion rect4 126 400 290 100 090 119 078 039  131 000 290 100 090 119 078 039
motion rect1 121 200 296 100 084 003 105 149  126 200 296 100 084 003 105 149
motion rect1 126 200 296 100 084 003 105 149  131 100 296 100 084 003 105 149
motion rect3 121 300 132 100 248 111 250 193  126 300 132 100 248 111 250 193
motion rect3 126 300 132 100 248 111 250 193  131 200 132 100 248 111 250 193
motion rect2 121 100 310 100 070 058 044 042  126 100 310 100 070 058 044 042
motion rect2 126 100 310 100 070 058 044 042  131 300 310 100 070 058 044 042
motion rect0 121 000 266 100 114 217 135 023  126 000 266 100 114 217 135 023
motion rect0 126 000 266 100 114 217 135 023  131 400 266 100 114 217 135 023
motion rect1 131 100 296 100 084 003 105 149  136 100 296 100 084 003 105 149
motion rect1 136 100 296 100 084 003 105 149  141 000 296 100 084 003 105 149
motion rect0 131 400 266 100 114 217 135 023  136 400 266 100 114 217 135 023
motion rect0 136 400 266 100 114 217 135 023  141 100 266 100 114 217 135 023
motion rect4 131 000 290 100 090 119 078 039  136 000 290 100 090 119 078 039
motion rect4 136 000 290 100 090 119 078 039  141 200 290 100 090 119 078 039
motion rect3 131 200 132 100 248 111 250 193  136 200 132 100 248 111 250 193
motion rect3 136 200 132 100 248 111 250 193  141 300 132 100 248 111 250 193
motion rect2 131 300 310 100 070 058 044 042  136 300 310 100 070 058 044 042
motion rect2 136 300 310 100 070 058 044 042  141 400 310 100 070 058 044 042
motion rect0 141 100 266 100 114 217 135 023  146 100 266 100 114 217 135 023
motion rect0 146 100 266 100 114 217 135 023  151 000 266 100 114 217 135 023
motion rect2 141 400 310 100 070 058 044 042  146 400 310 100 070 058 044 042
motion rect2 146 400 310 100 070 058 044 042  151 100 310 100 070 058 044 042
motion rect4 141 200 290 100 090 119 078 039  146 200 290 100 090 119 078 039
motion rect4 146 200 290 100 090 119 078 039  151 200 290 100 090 119 078 039
motion rect1 141 000 296 100 084 003 105 149  146 000 296 100 084 003 105 149
motion rect1 146 000 296 100 084 003 105 149  151 300 296 100 084 003 105 149
motion rect3 141 300 132 100 248 111 250 193  146 300 132 100 248 111 250 193
motion rect3 146 300 132 100 248 111 250 193  151 400 132 100 248 111 250 193
motion rect4 151 200 290 100 090 119 078 039  156 200 290 100 090 119 078 039
motion rect4 156 200 290 100 090 119 078 039  161 000 290 100 090 119 078 039
motion rect0 151 000 266 100 114 217 135 023  156 000 266 100 114 217 135 023
motion rect0 156 000 266 100 114 217 135 023  161 100 266 100 114 217 135 023
motion rect1 151 300 296 100 084 003 105 149  156 300 296 100 084 003 105 149
motion rect1 156 300 296 100 084 003 105 149  161 200 296 100 084 003 105 149
motion rect2 151 100 310 100 070 058 044 042  156 100 310 100 070 058 044 042
motion rect2 156 100 310 100 070 058 044 042  161 300 310 100 070 058 044 042
motion rect3 151 400 132 100 248 111 250 193  156 400 132 100 248 111 250 193
motion rect3 156 400 132 100 248 111 250 193  161 400 132 100 248 111 250 193
motion rect3 161 400 132 100 248 111 250 193  166 400 132 100 248 111 250 193
motion rect3 166 400 132 100 248 111 250 193  171 000 132 100 248 111 250 193
motion rect1 161 200 296 100 084 003 105 149  166 200 296 100 084 003 105 149
motion rect1 166 200 296 100 084 003 105 149  171 100 296 100 084 003 105 149
motion rect4 161 000 290 100 090 119 078 039  166 000 290 100 090 119 078 039
motion rect4 166 000 290 100 090 119 078 039  171 200 290 100 090 119 078 039
motion rect0 161 100 266 100 114 217 135 023  166 100 266 100 114 217 135 023
motion rect0 166 100 266 100 114 217 135 023  171 300 266 100 114 217 135 023
motion rect2 161 300 310 100 070 058 044 042  166 300 310 100 070 058 044 042
motion rect2 166 300 310 100 070 058 044 042  171 400 310 100 070 058 044 042
motion rect4 171 200 290 100 090 119 078 039  176 200 290 100 090 119 078 039
motion rect4 176 200 290 100 090 119 078 039  181 000 290 100 090 119 078 039
motion rect3 171 000 132 100 248 111 250 193  176 000 132 100 248 111 250 193
motion rect3 176 000 132 100 248 111 250 193  181 100 132 100 248 111 250 193
motion rect0 171 300 266 100 114 217 135 023  176 300 266 100 114 217 135 023
motion rect0 176 300 266 100 114 217 135 023  181 200 266 100 114 217 135 023
motion rect1 171 100 296 100 084 003 105 149  176 100 296 100 084 003 105 149
motion rect1 176 100 296 100 084 003 105 149  181 300 296 100 084 003 105 149
motion rect2 171 400 310 100 070 058 044 042  176 400 310 100 070 058 044 042
motion rect2 176 400 310 100 070 058 044 042  181 400 310 100 070 058 044 042
motion rect2 181 400 310 100 070 058 044 042  186 400 310 100 070 058 044 042
motion rect2 186 400 310 100 070 058 044 042  191 000 310 100 070 058 044 042
motion rect0 181 200 266 100 114 217 135 023  186 200 266 100 114 217 135 023
motion rect0 186 200 266 100 114 217 135 023  191 100 266 100 114 217 135 023
motion rect4 181 000 290 100 090 119 078 039  186 000 290 100 090 119 078 039
motion rect4 186 000 290 100 090 119 078 039  191 200 290 100 090 119 078 039
motion rect3 181 100 132 100 248 111 250 193  186 100 132 100 248 111 250 193
motion rect3 186 100 132 100 248 111 250 193  191 300 132 100 248 111 250 193
motion rect1 181 300 296 100 084 003 105 149  186 300 296 100 084 003 105 149
motion rect1 186 300 296 100 084 003 105 149  191 400 296 100 084 003 105 149
motion rect1 191 400 296 100 084 003 105 149  196 400 296 100 084 003 105 149
motion rect1 196 400 296 100 084 003 105 149  201 000 296 100 084 003 105 149
motion rect3 191 300 132 100 248 111 250 193  196 300 132 100 248 111 250 193
motion rect3 196 300 132 100 248 111 250 193  201 100 132 100 248 111 250 193
motion rect2 191 000 310 100 070 058 044 042  196 000 310 100 070 058 044 042
motion rect2 196 000 310 100 070 058 044 042  201 200 310 100 070 058 044 042
motion rect0 191 100 266 100 114 217 135 023  196 100 266 100 114 217 135 023
motion rect0 196 100 266 100 114 217 135 023  201 300 266 100 114 217 135 023
motion rect4 191 200 290 100 090 119 078 039  196 200 290 100 090 119 078 039
motion rect4 196 200 290 100 090 119 078 039  201 400 290 100 090 119 078 039
motion rect1 201 000 296 100 084 003 105 149  206 000 296 100 084 003 105 149
motion rect1 206 000 296 100 084 003 105 149  211 000 296 100 084 003 105 149
motion rect0 201 300 266 100 114 217 135 023  206 300 266 100 114 217 135 023
motion rect0 206 300 266 100 114 217 135 023  211 100 266 100 114 217 135 023
motion rect3 201 100 132 100 248 111 250 193  206 100 132 100 248 111 250 193
motion rect3 206 100 132 100 248 111 250 193  211 200 132 100 248 111 250 193
motion rect2 201 200 310 100 070 058 044 042  206 200 310 100 070 058 044 042
motion rect2 206 200 310 100 070 058 044 042  211 300 310 100 070 058 044 042
motion rect4 201 400 290 100 090 119 078 039  206 400 290 100 090 119 078 039
motion rect4 206 400 290 100 090 119 078 039  211 400 290 100 090 119 078 039
motion rect2 211 300 310 100 070 058 044 042  216 300 310 100 070 058 044 042
motion rect2 216 300 310 100 070 058 044 042  221 000 310 100 070 058 044 042
motion rect1 211 000 296 100 084 003 105 149  216 000 296 100 084 003 105 149
motion rect1 216 000 296 100 084 003 105 149  221 100 296 100 084 003 105 149
motion rect4 211 400 290 100 090 119 078 039  216 400 290 100 090 119 078 039
motion rect4 216 400 290 100 090 119 078 039  221 200 290 100 090 119 078 039
motion rect0 211 100 266 100 114 217 135 023  216 100 266 100 114 217 135 023
motion rect0 216 100 266 100 114 217 135 023  221 300 266 100 114 217 135 023
motion rect3 211 200 132 100 248 111 250 193  216 200 132 100 248 111 250 193
motion rect3 216 200 132 100 248 111 250 193  221 400 132 100 248 111 250 193
motion rect2 221 000 310 100 070 058 044 042  226 000 310 100 070 058 044 042
motion rect2 226 000 310 100 070 058 044 042  231 000 310 100 070 000 200 000
motion rect1 221 100 296 100 084 003 105 149  226 100 296 100 084 003 105 149
motion rect1 226 100 296 100 084 003 105 149  231 100 296 100 084 000 200 000
motion rect4 221 200 290 100 090 119 078 039  226 200 290 100 090 119 078 039
motion rect4 226 200 290 100 090 119 078 039  231 200 290 100 090 000 200 000
motion rect0 221 300 266 100 114 217 135 023  226 300 266 100 114 217 135 023
motion rect0 226 300 266 100 114 217 135 023  231 300 266 100 114 000 200 000
motion rect3 221 400 132 100 248 111 250 193  226 400 132 100 248 111 250 193
motion rect3 226 400 132 100 248 111 250 193  231 400 132 100 248 000 200 000
