canvas 0 0 500 400
shape p plus
shape o ellipse
shape p3 plus
shape p2 plus

shape p4 plus

motion p 1 100 100    50  50 149 039 191    50 250 250  100  100 000 233 002
motion p 50 250 250  100 100 000 233 002  100 250 250  100  100 255 255 255
motion o 10 415 116    60 60 228 113 222    80 115 116 60 300 228 113 222
motion o 10 115 116   60 300 228 113 222    80 115 116 60 300 255 255 255
motion p2 50 0 100    50  50 100 0 100      52 250 200  100  100 000 255 000
motion p2 52 250 250 100 100 000 255 000   75 250 200 500 500  255 255 255
