canvas 0 0 500 400
shape p00 ellipse
shape p01 ellipse
shape p02 ellipse
shape p03 ellipse
shape p04 ellipse
shape p05 ellipse
shape p06 ellipse
shape p07 ellipse
shape p08 ellipse
shape p10 ellipse
shape p11 ellipse
shape p12 ellipse
shape p13 ellipse
shape p14 ellipse
shape p15 ellipse
shape p16 ellipse
shape p17 ellipse
shape p18 ellipse
shape p20 ellipse
shape p21 ellipse
shape p22 ellipse
shape p23 ellipse
shape p24 ellipse
shape p25 ellipse
shape p26 ellipse
shape p27 ellipse
shape p28 ellipse
shape p30 ellipse
shape p31 ellipse
shape p32 ellipse
shape p33 ellipse
shape p34 ellipse
shape p35 ellipse
shape p36 ellipse
shape p37 ellipse
shape p38 ellipse
shape p40 ellipse
shape p41 ellipse
shape p42 ellipse
shape p43 ellipse
shape p44 ellipse
shape p45 ellipse
shape p46 ellipse
shape p47 ellipse
shape p48 ellipse
shape p50 ellipse
shape p51 ellipse
shape p52 ellipse
shape p53 ellipse
shape p54 ellipse
shape p55 ellipse
shape p56 ellipse
shape p57 ellipse
shape p58 ellipse
shape p60 ellipse
shape p61 ellipse
shape p62 ellipse
shape p63 ellipse
shape p64 ellipse
shape p65 ellipse
shape p66 ellipse
shape p67 ellipse
shape p68 ellipse
shape p70 ellipse
shape p71 ellipse
shape p72 ellipse
shape p73 ellipse
shape p74 ellipse
shape p75 ellipse
shape p76 ellipse
shape p77 ellipse
shape p78 ellipse
shape p80 ellipse
shape p81 ellipse
shape p82 ellipse
shape p83 ellipse
shape p84 ellipse
shape p85 ellipse
shape p86 ellipse
shape p87 ellipse
shape p88 ellipse
motion p00   1  25  20  025 025 050 050 255 585  25  20  025 025 050 050 255 
motion p00 585  25  20  025 025 050 050 255 586  25  20  025 025 255 000 000 
motion p00 586  25  20  025 025 255 000 000 615  25  20  025 025 255 000 000 
motion p00 615  25  20  025 025 255 000 000 616  25  20  025 025 000 000 000 
motion p00 616  25  20  025 025 000 000 000 1816  25  20  025 025 000 000 000 
motion p01   1  25  60  025 025 050 050 255 465  25  60  025 025 050 050 255 
motion p01 465  25  60  025 025 050 050 255 466  25  60  025 025 255 000 000 
motion p01 466  25  60  025 025 255 000 000 1575  25  60  025 025 255 000 000 
motion p01 1575  25  60  025 025 255 000 000 1576  25  60  025 025 000 000 000 
motion p01 1576  25  60  025 025 000 000 000 1816  25  60  025 025 000 000 000 
motion p02   1  25 100  025 025 050 050 255 555  25 100  025 025 050 050 255 
motion p02 555  25 100  025 025 050 050 255 556  25 100  025 025 255 000 000 
motion p02 556  25 100  025 025 255 000 000 615  25 100  025 025 255 000 000 
motion p02 615  25 100  025 025 255 000 000 616  25 100  025 025 000 000 000 
motion p02 616  25 100  025 025 000 000 000 1816  25 100  025 025 000 000 000 
motion p03   1  25 140  025 025 050 050 255 150  25 140  025 025 050 050 255 
motion p03 150  25 140  025 025 050 050 255 151  25 140  025 025 255 000 000 
motion p03 151  25 140  025 025 255 000 000 210  25 140  025 025 255 000 000 
motion p03 210  25 140  025 025 255 000 000 211  25 140  025 025 000 000 000 
motion p03 211  25 140  025 025 000 000 000 1816  25 140  025 025 000 000 000 
motion p04   1  25 180  025 025 050 050 255 120  25 180  025 025 050 050 255 
motion p04 120  25 180  025 025 050 050 255 121  25 180  025 025 255 000 000 
motion p04 121  25 180  025 025 255 000 000 255  25 180  025 025 255 000 000 
motion p04 255  25 180  025 025 255 000 000 256  25 180  025 025 000 000 000 
motion p04 256  25 180  025 025 000 000 000 1816  25 180  025 025 000 000 000 
motion p05   1  25 220  025 025 050 050 255 105  25 220  025 025 050 050 255 
motion p05 105  25 220  025 025 050 050 255 106  25 220  025 025 255 000 000 
motion p05 106  25 220  025 025 255 000 000 270  25 220  025 025 255 000 000 
motion p05 270  25 220  025 025 255 000 000 271  25 220  025 025 000 000 000 
motion p05 271  25 220  025 025 000 000 000 1816  25 220  025 025 000 000 000 
motion p06   1  25 260  025 025 050 050 255 135  25 260  025 025 050 050 255 
motion p06 135  25 260  025 025 050 050 255 136  25 260  025 025 255 000 000 
motion p06 136  25 260  025 025 255 000 000 465  25 260  025 025 255 000 000 
motion p06 465  25 260  025 025 255 000 000 466  25 260  025 025 000 000 000 
motion p06 466  25 260  025 025 000 000 000 1816  25 260  025 025 000 000 000 
motion p07   1  25 300  025 025 050 050 255 105  25 300  025 025 050 050 255 
motion p07 105  25 300  025 025 050 050 255 106  25 300  025 025 255 000 000 
motion p07 106  25 300  025 025 255 000 000 285  25 300  025 025 255 000 000 
motion p07 285  25 300  025 025 255 000 000 286  25 300  025 025 000 000 000 
motion p07 286  25 300  025 025 000 000 000 1816  25 300  025 025 000 000 000 
motion p08   1  25 340  025 025 050 050 255 210  25 340  025 025 050 050 255 
motion p08 210  25 340  025 025 050 050 255 211  25 340  025 025 255 000 000 
motion p08 211  25 340  025 025 255 000 000 585  25 340  025 025 255 000 000 
motion p08 585  25 340  025 025 255 000 000 586  25 340  025 025 000 000 000 
motion p08 586  25 340  025 025 000 000 000 1816  25 340  025 025 000 000 000 
motion p10   1  75  20  025 025 050 050 255 450  75  20  025 025 050 050 255 
motion p10 450  75  20  025 025 050 050 255 451  75  20  025 025 255 000 000 
motion p10 451  75  20  025 025 255 000 000 690  75  20  025 025 255 000 000 
motion p10 690  75  20  025 025 255 000 000 691  75  20  025 025 000 000 000 
motion p10 691  75  20  025 025 000 000 000 1816  75  20  025 025 000 000 000 
motion p11   1  75  60  025 025 050 050 255 300  75  60  025 025 050 050 255 
motion p11 300  75  60  025 025 050 050 255 301  75  60  025 025 255 000 000 
motion p11 301  75  60  025 025 255 000 000 315  75  60  025 025 255 000 000 
motion p11 315  75  60  025 025 255 000 000 316  75  60  025 025 000 000 000 
motion p11 316  75  60  025 025 000 000 000 1816  75  60  025 025 000 000 000 
motion p12   1  75 100  025 025 050 050 255 375  75 100  025 025 050 050 255 
motion p12 375  75 100  025 025 050 050 255 376  75 100  025 025 255 000 000 
motion p12 376  75 100  025 025 255 000 000 705  75 100  025 025 255 000 000 
motion p12 705  75 100  025 025 255 000 000 706  75 100  025 025 000 000 000 
motion p12 706  75 100  025 025 000 000 000 1816  75 100  025 025 000 000 000 
motion p13   1  75 140  025 025 050 050 255 135  75 140  025 025 050 050 255 
motion p13 135  75 140  025 025 050 050 255 136  75 140  025 025 255 000 000 
motion p13 136  75 140  025 025 255 000 000 225  75 140  025 025 255 000 000 
motion p13 225  75 140  025 025 255 000 000 226  75 140  025 025 000 000 000 
motion p13 226  75 140  025 025 000 000 000 1816  75 140  025 025 000 000 000 
motion p14   1  75 180  025 025 050 050 255 450  75 180  025 025 050 050 255 
motion p14 450  75 180  025 025 050 050 255 451  75 180  025 025 255 000 000 
motion p14 451  75 180  025 025 255 000 000 795  75 180  025 025 255 000 000 
motion p14 795  75 180  025 025 255 000 000 796  75 180  025 025 000 000 000 
motion p14 796  75 180  025 025 000 000 000 1816  75 180  025 025 000 000 000 
motion p15   1  75 220  025 025 050 050 255 210  75 220  025 025 050 050 255 
motion p15 210  75 220  025 025 050 050 255 211  75 220  025 025 255 000 000 
motion p15 211  75 220  025 025 255 000 000 1410  75 220  025 025 255 000 000 
motion p15 1410  75 220  025 025 255 000 000 1411  75 220  025 025 000 000 000 
motion p15 1411  75 220  025 025 000 000 000 1816  75 220  025 025 000 000 000 
motion p16   1  75 260  025 025 050 050 255  90  75 260  025 025 050 050 255 
motion p16  90  75 260  025 025 050 050 255  91  75 260  025 025 255 000 000 
motion p16  91  75 260  025 025 255 000 000 195  75 260  025 025 255 000 000 
motion p16 195  75 260  025 025 255 000 000 196  75 260  025 025 000 000 000 
motion p16 196  75 260  025 025 000 000 000 1816  75 260  025 025 000 000 000 
motion p17   1  75 300  025 025 050 050 255  90  75 300  025 025 050 050 255 
motion p17  90  75 300  025 025 050 050 255  91  75 300  025 025 255 000 000 
motion p17  91  75 300  025 025 255 000 000 240  75 300  025 025 255 000 000 
motion p17 240  75 300  025 025 255 000 000 241  75 300  025 025 000 000 000 
motion p17 241  75 300  025 025 000 000 000 1816  75 300  025 025 000 000 000 
motion p18   1  75 340  025 025 050 050 255 105  75 340  025 025 050 050 255 
motion p18 105  75 340  025 025 050 050 255 106  75 340  025 025 255 000 000 
motion p18 106  75 340  025 025 255 000 000 255  75 340  025 025 255 000 000 
motion p18 255  75 340  025 025 255 000 000 256  75 340  025 025 000 000 000 
motion p18 256  75 340  025 025 000 000 000 1816  75 340  025 025 000 000 000 
motion p20   1 125  20  025 025 050 050 255 225 125  20  025 025 050 050 255 
motion p20 225 125  20  025 025 050 050 255 226 125  20  025 025 255 000 000 
motion p20 226 125  20  025 025 255 000 000 1815 125  20  025 025 255 000 000 
motion p20 1815 125  20  025 025 255 000 000 1816 125  20  025 025 000 000 000 
motion p20 1816 125  20  025 025 000 000 000 1816 125  20  025 025 000 000 000 
motion p21   1 125  60  025 025 050 050 255 180 125  60  025 025 050 050 255 
motion p21 180 125  60  025 025 050 050 255 181 125  60  025 025 255 000 000 
motion p21 181 125  60  025 025 255 000 000 345 125  60  025 025 255 000 000 
motion p21 345 125  60  025 025 255 000 000 346 125  60  025 025 000 000 000 
motion p21 346 125  60  025 025 000 000 000 1816 125  60  025 025 000 000 000 
motion p22   1 125 100  025 025 050 050 255 150 125 100  025 025 050 050 255 
motion p22 150 125 100  025 025 050 050 255 151 125 100  025 025 255 000 000 
motion p22 151 125 100  025 025 255 000 000 225 125 100  025 025 255 000 000 
motion p22 225 125 100  025 025 255 000 000 226 125 100  025 025 000 000 000 
motion p22 226 125 100  025 025 000 000 000 1816 125 100  025 025 000 000 000 
motion p23   1 125 140  025 025 050 050 255 330 125 140  025 025 050 050 255 
motion p23 330 125 140  025 025 050 050 255 331 125 140  025 025 255 000 000 
motion p23 331 125 140  025 025 255 000 000 1170 125 140  025 025 255 000 000 
motion p23 1170 125 140  025 025 255 000 000 1171 125 140  025 025 000 000 000 
motion p23 1171 125 140  025 025 000 000 000 1816 125 140  025 025 000 000 000 
motion p24   1 125 180  025 025 050 050 255 540 125 180  025 025 050 050 255 
motion p24 540 125 180  025 025 050 050 255 541 125 180  025 025 255 000 000 
motion p24 541 125 180  025 025 255 000 000 645 125 180  025 025 255 000 000 
motion p24 645 125 180  025 025 255 000 000 646 125 180  025 025 000 000 000 
motion p24 646 125 180  025 025 000 000 000 1816 125 180  025 025 000 000 000 
motion p25   1 125 220  025 025 050 050 255  75 125 220  025 025 050 050 255 
motion p25  75 125 220  025 025 050 050 255  76 125 220  025 025 255 000 000 
motion p25  76 125 220  025 025 255 000 000  90 125 220  025 025 255 000 000 
motion p25  90 125 220  025 025 255 000 000  91 125 220  025 025 000 000 000 
motion p25  91 125 220  025 025 000 000 000 1816 125 220  025 025 000 000 000 
motion p26   1 125 260  025 025 050 050 255  15 125 260  025 025 050 050 255 
motion p26  15 125 260  025 025 050 050 255  16 125 260  025 025 255 000 000 
motion p26  16 125 260  025 025 255 000 000 135 125 260  025 025 255 000 000 
motion p26 135 125 260  025 025 255 000 000 136 125 260  025 025 000 000 000 
motion p26 136 125 260  025 025 000 000 000 1816 125 260  025 025 000 000 000 
motion p27   1 125 300  025 025 050 050 255 120 125 300  025 025 050 050 255 
motion p27 120 125 300  025 025 050 050 255 121 125 300  025 025 255 000 000 
motion p27 121 125 300  025 025 255 000 000 660 125 300  025 025 255 000 000 
motion p27 660 125 300  025 025 255 000 000 661 125 300  025 025 000 000 000 
motion p27 661 125 300  025 025 000 000 000 1816 125 300  025 025 000 000 000 
motion p28   1 125 340  025 025 050 050 255  60 125 340  025 025 050 050 255 
motion p28  60 125 340  025 025 050 050 255  61 125 340  025 025 255 000 000 
motion p28  61 125 340  025 025 255 000 000 300 125 340  025 025 255 000 000 
motion p28 300 125 340  025 025 255 000 000 301 125 340  025 025 000 000 000 
motion p28 301 125 340  025 025 000 000 000 1816 125 340  025 025 000 000 000 
motion p30   1 175  20  025 025 050 050 255 285 175  20  025 025 050 050 255 
motion p30 285 175  20  025 025 050 050 255 286 175  20  025 025 255 000 000 
motion p30 286 175  20  025 025 255 000 000 315 175  20  025 025 255 000 000 
motion p30 315 175  20  025 025 255 000 000 316 175  20  025 025 000 000 000 
motion p30 316 175  20  025 025 000 000 000 1816 175  20  025 025 000 000 000 
motion p31   1 175  60  025 025 050 050 255 390 175  60  025 025 050 050 255 
motion p31 390 175  60  025 025 050 050 255 391 175  60  025 025 255 000 000 
motion p31 391 175  60  025 025 255 000 000 510 175  60  025 025 255 000 000 
motion p31 510 175  60  025 025 255 000 000 511 175  60  025 025 000 000 000 
motion p31 511 175  60  025 025 000 000 000 1816 175  60  025 025 000 000 000 
motion p32   1 175 100  025 025 050 050 255 600 175 100  025 025 050 050 255 
motion p32 600 175 100  025 025 050 050 255 601 175 100  025 025 255 000 000 
motion p32 601 175 100  025 025 255 000 000 915 175 100  025 025 255 000 000 
motion p32 915 175 100  025 025 255 000 000 916 175 100  025 025 000 000 000 
motion p32 916 175 100  025 025 000 000 000 1816 175 100  025 025 000 000 000 
motion p33   1 175 140  025 025 050 050 255 315 175 140  025 025 050 050 255 
motion p33 315 175 140  025 025 050 050 255 316 175 140  025 025 255 000 000 
motion p33 316 175 140  025 025 255 000 000 360 175 140  025 025 255 000 000 
motion p33 360 175 140  025 025 255 000 000 361 175 140  025 025 000 000 000 
motion p33 361 175 140  025 025 000 000 000 1816 175 140  025 025 000 000 000 
motion p34   1 175 180  025 025 050 050 255 165 175 180  025 025 050 050 255 
motion p34 165 175 180  025 025 050 050 255 166 175 180  025 025 255 000 000 
motion p34 166 175 180  025 025 255 000 000 405 175 180  025 025 255 000 000 
motion p34 405 175 180  025 025 255 000 000 406 175 180  025 025 000 000 000 
motion p34 406 175 180  025 025 000 000 000 1816 175 180  025 025 000 000 000 
motion p35   1 175 220  025 025 050 050 255 105 175 220  025 025 050 050 255 
motion p35 105 175 220  025 025 050 050 255 106 175 220  025 025 255 000 000 
motion p35 106 175 220  025 025 255 000 000 390 175 220  025 025 255 000 000 
motion p35 390 175 220  025 025 255 000 000 391 175 220  025 025 000 000 000 
motion p35 391 175 220  025 025 000 000 000 1816 175 220  025 025 000 000 000 
motion p36   1 175 260  025 025 050 050 255 105 175 260  025 025 050 050 255 
motion p36 105 175 260  025 025 050 050 255 106 175 260  025 025 255 000 000 
motion p36 106 175 260  025 025 255 000 000 120 175 260  025 025 255 000 000 
motion p36 120 175 260  025 025 255 000 000 121 175 260  025 025 000 000 000 
motion p36 121 175 260  025 025 000 000 000 1816 175 260  025 025 000 000 000 
motion p37   1 175 300  025 025 050 050 255   1 175 300  025 025 050 050 255 
motion p37   1 175 300  025 025 050 050 255   2 175 300  025 025 255 000 000 
motion p37   2 175 300  025 025 255 000 000 195 175 300  025 025 255 000 000 
motion p37 195 175 300  025 025 255 000 000 196 175 300  025 025 000 000 000 
motion p37 196 175 300  025 025 000 000 000 1816 175 300  025 025 000 000 000 
motion p38   1 175 340  025 025 050 050 255 465 175 340  025 025 050 050 255 
motion p38 465 175 340  025 025 050 050 255 466 175 340  025 025 255 000 000 
motion p38 466 175 340  025 025 255 000 000 555 175 340  025 025 255 000 000 
motion p38 555 175 340  025 025 255 000 000 556 175 340  025 025 000 000 000 
motion p38 556 175 340  025 025 000 000 000 1816 175 340  025 025 000 000 000 
motion p40   1 225  20  025 025 050 050 255 465 225  20  025 025 050 050 255 
motion p40 465 225  20  025 025 050 050 255 466 225  20  025 025 255 000 000 
motion p40 466 225  20  025 025 255 000 000 705 225  20  025 025 255 000 000 
motion p40 705 225  20  025 025 255 000 000 706 225  20  025 025 000 000 000 
motion p40 706 225  20  025 025 000 000 000 1816 225  20  025 025 000 000 000 
motion p41   1 225  60  025 025 050 050 255 330 225  60  025 025 050 050 255 
motion p41 330 225  60  025 025 050 050 255 331 225  60  025 025 255 000 000 
motion p41 331 225  60  025 025 255 000 000 915 225  60  025 025 255 000 000 
motion p41 915 225  60  025 025 255 000 000 916 225  60  025 025 000 000 000 
motion p41 916 225  60  025 025 000 000 000 1816 225  60  025 025 000 000 000 
motion p42   1 225 100  025 025 050 050 255 210 225 100  025 025 050 050 255 
motion p42 210 225 100  025 025 050 050 255 211 225 100  025 025 255 000 000 
motion p42 211 225 100  025 025 255 000 000 615 225 100  025 025 255 000 000 
motion p42 615 225 100  025 025 255 000 000 616 225 100  025 025 000 000 000 
motion p42 616 225 100  025 025 000 000 000 1816 225 100  025 025 000 000 000 
motion p43   1 225 140  025 025 050 050 255 195 225 140  025 025 050 050 255 
motion p43 195 225 140  025 025 050 050 255 196 225 140  025 025 255 000 000 
motion p43 196 225 140  025 025 255 000 000 465 225 140  025 025 255 000 000 
motion p43 465 225 140  025 025 255 000 000 466 225 140  025 025 000 000 000 
motion p43 466 225 140  025 025 000 000 000 1816 225 140  025 025 000 000 000 
motion p44   1 225 180  025 025 050 050 255 1816 225 180  025 025 050 050 255 
motion p45   1 225 220  025 025 050 050 255  90 225 220  025 025 050 050 255 
motion p45  90 225 220  025 025 050 050 255  91 225 220  025 025 255 000 000 
motion p45  91 225 220  025 025 255 000 000 195 225 220  025 025 255 000 000 
motion p45 195 225 220  025 025 255 000 000 196 225 220  025 025 000 000 000 
motion p45 196 225 220  025 025 000 000 000 1816 225 220  025 025 000 000 000 
motion p46   1 225 260  025 025 050 050 255  15 225 260  025 025 050 050 255 
motion p46  15 225 260  025 025 050 050 255  16 225 260  025 025 255 000 000 
motion p46  16 225 260  025 025 255 000 000 210 225 260  025 025 255 000 000 
motion p46 210 225 260  025 025 255 000 000 211 225 260  025 025 000 000 000 
motion p46 211 225 260  025 025 000 000 000 1816 225 260  025 025 000 000 000 
motion p47   1 225 300  025 025 050 050 255 120 225 300  025 025 050 050 255 
motion p47 120 225 300  025 025 050 050 255 121 225 300  025 025 255 000 000 
motion p47 121 225 300  025 025 255 000 000 480 225 300  025 025 255 000 000 
motion p47 480 225 300  025 025 255 000 000 481 225 300  025 025 000 000 000 
motion p47 481 225 300  025 025 000 000 000 1816 225 300  025 025 000 000 000 
motion p48   1 225 340  025 025 050 050 255 450 225 340  025 025 050 050 255 
motion p48 450 225 340  025 025 050 050 255 451 225 340  025 025 255 000 000 
motion p48 451 225 340  025 025 255 000 000 585 225 340  025 025 255 000 000 
motion p48 585 225 340  025 025 255 000 000 586 225 340  025 025 000 000 000 
motion p48 586 225 340  025 025 000 000 000 1816 225 340  025 025 000 000 000 
motion p50   1 275  20  025 025 050 050 255 255 275  20  025 025 050 050 255 
motion p50 255 275  20  025 025 050 050 255 256 275  20  025 025 255 000 000 
motion p50 256 275  20  025 025 255 000 000 1230 275  20  025 025 255 000 000 
motion p50 1230 275  20  025 025 255 000 000 1231 275  20  025 025 000 000 000 
motion p50 1231 275  20  025 025 000 000 000 1816 275  20  025 025 000 000 000 
motion p51   1 275  60  025 025 050 050 255 240 275  60  025 025 050 050 255 
motion p51 240 275  60  025 025 050 050 255 241 275  60  025 025 255 000 000 
motion p51 241 275  60  025 025 255 000 000 255 275  60  025 025 255 000 000 
motion p51 255 275  60  025 025 255 000 000 256 275  60  025 025 000 000 000 
motion p51 256 275  60  025 025 000 000 000 1816 275  60  025 025 000 000 000 
motion p52   1 275 100  025 025 050 050 255 255 275 100  025 025 050 050 255 
motion p52 255 275 100  025 025 050 050 255 256 275 100  025 025 255 000 000 
motion p52 256 275 100  025 025 255 000 000 480 275 100  025 025 255 000 000 
motion p52 480 275 100  025 025 255 000 000 481 275 100  025 025 000 000 000 
motion p52 481 275 100  025 025 000 000 000 1816 275 100  025 025 000 000 000 
motion p53   1 275 140  025 025 050 050 255 210 275 140  025 025 050 050 255 
motion p53 210 275 140  025 025 050 050 255 211 275 140  025 025 255 000 000 
motion p53 211 275 140  025 025 255 000 000 270 275 140  025 025 255 000 000 
motion p53 270 275 140  025 025 255 000 000 271 275 140  025 025 000 000 000 
motion p53 271 275 140  025 025 000 000 000 1816 275 140  025 025 000 000 000 
motion p54   1 275 180  025 025 050 050 255 105 275 180  025 025 050 050 255 
motion p54 105 275 180  025 025 050 050 255 106 275 180  025 025 255 000 000 
motion p54 106 275 180  025 025 255 000 000 330 275 180  025 025 255 000 000 
motion p54 330 275 180  025 025 255 000 000 331 275 180  025 025 000 000 000 
motion p54 331 275 180  025 025 000 000 000 1816 275 180  025 025 000 000 000 
motion p55   1 275 220  025 025 050 050 255  90 275 220  025 025 050 050 255 
motion p55  90 275 220  025 025 050 050 255  91 275 220  025 025 255 000 000 
motion p55  91 275 220  025 025 255 000 000 390 275 220  025 025 255 000 000 
motion p55 390 275 220  025 025 255 000 000 391 275 220  025 025 000 000 000 
motion p55 391 275 220  025 025 000 000 000 1816 275 220  025 025 000 000 000 
motion p56   1 275 260  025 025 050 050 255  75 275 260  025 025 050 050 255 
motion p56  75 275 260  025 025 050 050 255  76 275 260  025 025 255 000 000 
motion p56  76 275 260  025 025 255 000 000 105 275 260  025 025 255 000 000 
motion p56 105 275 260  025 025 255 000 000 106 275 260  025 025 000 000 000 
motion p56 106 275 260  025 025 000 000 000 1816 275 260  025 025 000 000 000 
motion p57   1 275 300  025 025 050 050 255  90 275 300  025 025 050 050 255 
motion p57  90 275 300  025 025 050 050 255  91 275 300  025 025 255 000 000 
motion p57  91 275 300  025 025 255 000 000 225 275 300  025 025 255 000 000 
motion p57 225 275 300  025 025 255 000 000 226 275 300  025 025 000 000 000 
motion p57 226 275 300  025 025 000 000 000 1816 275 300  025 025 000 000 000 
motion p58   1 275 340  025 025 050 050 255 165 275 340  025 025 050 050 255 
motion p58 165 275 340  025 025 050 050 255 166 275 340  025 025 255 000 000 
motion p58 166 275 340  025 025 255 000 000 375 275 340  025 025 255 000 000 
motion p58 375 275 340  025 025 255 000 000 376 275 340  025 025 000 000 000 
motion p58 376 275 340  025 025 000 000 000 1816 275 340  025 025 000 000 000 
motion p60   1 325  20  025 025 050 050 255 375 325  20  025 025 050 050 255 
motion p60 375 325  20  025 025 050 050 255 376 325  20  025 025 255 000 000 
motion p60 376 325  20  025 025 255 000 000 855 325  20  025 025 255 000 000 
motion p60 855 325  20  025 025 255 000 000 856 325  20  025 025 000 000 000 
motion p60 856 325  20  025 025 000 000 000 1816 325  20  025 025 000 000 000 
motion p61   1 325  60  025 025 050 050 255 270 325  60  025 025 050 050 255 
motion p61 270 325  60  025 025 050 050 255 271 325  60  025 025 255 000 000 
motion p61 271 325  60  025 025 255 000 000 585 325  60  025 025 255 000 000 
motion p61 585 325  60  025 025 255 000 000 586 325  60  025 025 000 000 000 
motion p61 586 325  60  025 025 000 000 000 1816 325  60  025 025 000 000 000 
motion p62   1 325 100  025 025 050 050 255 225 325 100  025 025 050 050 255 
motion p62 225 325 100  025 025 050 050 255 226 325 100  025 025 255 000 000 
motion p62 226 325 100  025 025 255 000 000 345 325 100  025 025 255 000 000 
motion p62 345 325 100  025 025 255 000 000 346 325 100  025 025 000 000 000 
motion p62 346 325 100  025 025 000 000 000 1816 325 100  025 025 000 000 000 
motion p63   1 325 140  025 025 050 050 255 165 325 140  025 025 050 050 255 
motion p63 165 325 140  025 025 050 050 255 166 325 140  025 025 255 000 000 
motion p63 166 325 140  025 025 255 000 000 315 325 140  025 025 255 000 000 
motion p63 315 325 140  025 025 255 000 000 316 325 140  025 025 000 000 000 
motion p63 316 325 140  025 025 000 000 000 1816 325 140  025 025 000 000 000 
motion p64   1 325 180  025 025 050 050 255 165 325 180  025 025 050 050 255 
motion p64 165 325 180  025 025 050 050 255 166 325 180  025 025 255 000 000 
motion p64 166 325 180  025 025 255 000 000 705 325 180  025 025 255 000 000 
motion p64 705 325 180  025 025 255 000 000 706 325 180  025 025 000 000 000 
motion p64 706 325 180  025 025 000 000 000 1816 325 180  025 025 000 000 000 
motion p65   1 325 220  025 025 050 050 255 345 325 220  025 025 050 050 255 
motion p65 345 325 220  025 025 050 050 255 346 325 220  025 025 255 000 000 
motion p65 346 325 220  025 025 255 000 000 495 325 220  025 025 255 000 000 
motion p65 495 325 220  025 025 255 000 000 496 325 220  025 025 000 000 000 
motion p65 496 325 220  025 025 000 000 000 1816 325 220  025 025 000 000 000 
motion p66   1 325 260  025 025 050 050 255 360 325 260  025 025 050 050 255 
motion p66 360 325 260  025 025 050 050 255 361 325 260  025 025 255 000 000 
motion p66 361 325 260  025 025 255 000 000 510 325 260  025 025 255 000 000 
motion p66 510 325 260  025 025 255 000 000 511 325 260  025 025 000 000 000 
motion p66 511 325 260  025 025 000 000 000 1816 325 260  025 025 000 000 000 
motion p67   1 325 300  025 025 050 050 255 225 325 300  025 025 050 050 255 
motion p67 225 325 300  025 025 050 050 255 226 325 300  025 025 255 000 000 
motion p67 226 325 300  025 025 255 000 000 255 325 300  025 025 255 000 000 
motion p67 255 325 300  025 025 255 000 000 256 325 300  025 025 000 000 000 
motion p67 256 325 300  025 025 000 000 000 1816 325 300  025 025 000 000 000 
motion p68   1 325 340  025 025 050 050 255 735 325 340  025 025 050 050 255 
motion p68 735 325 340  025 025 050 050 255 736 325 340  025 025 255 000 000 
motion p68 736 325 340  025 025 255 000 000 1125 325 340  025 025 255 000 000 
motion p68 1125 325 340  025 025 255 000 000 1126 325 340  025 025 000 000 000 
motion p68 1126 325 340  025 025 000 000 000 1816 325 340  025 025 000 000 000 
motion p70   1 375  20  025 025 050 050 255 345 375  20  025 025 050 050 255 
motion p70 345 375  20  025 025 050 050 255 346 375  20  025 025 255 000 000 
motion p70 346 375  20  025 025 255 000 000 600 375  20  025 025 255 000 000 
motion p70 600 375  20  025 025 255 000 000 601 375  20  025 025 000 000 000 
motion p70 601 375  20  025 025 000 000 000 1816 375  20  025 025 000 000 000 
motion p71   1 375  60  025 025 050 050 255 255 375  60  025 025 050 050 255 
motion p71 255 375  60  025 025 050 050 255 256 375  60  025 025 255 000 000 
motion p71 256 375  60  025 025 255 000 000 825 375  60  025 025 255 000 000 
motion p71 825 375  60  025 025 255 000 000 826 375  60  025 025 000 000 000 
motion p71 826 375  60  025 025 000 000 000 1816 375  60  025 025 000 000 000 
motion p72   1 375 100  025 025 050 050 255 360 375 100  025 025 050 050 255 
motion p72 360 375 100  025 025 050 050 255 361 375 100  025 025 255 000 000 
motion p72 361 375 100  025 025 255 000 000 795 375 100  025 025 255 000 000 
motion p72 795 375 100  025 025 255 000 000 796 375 100  025 025 000 000 000 
motion p72 796 375 100  025 025 000 000 000 1816 375 100  025 025 000 000 000 
motion p73   1 375 140  025 025 050 050 255 330 375 140  025 025 050 050 255 
motion p73 330 375 140  025 025 050 050 255 331 375 140  025 025 255 000 000 
motion p73 331 375 140  025 025 255 000 000 525 375 140  025 025 255 000 000 
motion p73 525 375 140  025 025 255 000 000 526 375 140  025 025 000 000 000 
motion p73 526 375 140  025 025 000 000 000 1816 375 140  025 025 000 000 000 
motion p74   1 375 180  025 025 050 050 255 255 375 180  025 025 050 050 255 
motion p74 255 375 180  025 025 050 050 255 256 375 180  025 025 255 000 000 
motion p74 256 375 180  025 025 255 000 000 420 375 180  025 025 255 000 000 
motion p74 420 375 180  025 025 255 000 000 421 375 180  025 025 000 000 000 
motion p74 421 375 180  025 025 000 000 000 1816 375 180  025 025 000 000 000 
motion p75   1 375 220  025 025 050 050 255 195 375 220  025 025 050 050 255 
motion p75 195 375 220  025 025 050 050 255 196 375 220  025 025 255 000 000 
motion p75 196 375 220  025 025 255 000 000 555 375 220  025 025 255 000 000 
motion p75 555 375 220  025 025 255 000 000 556 375 220  025 025 000 000 000 
motion p75 556 375 220  025 025 000 000 000 1816 375 220  025 025 000 000 000 
motion p76   1 375 260  025 025 050 050 255 300 375 260  025 025 050 050 255 
motion p76 300 375 260  025 025 050 050 255 301 375 260  025 025 255 000 000 
motion p76 301 375 260  025 025 255 000 000 375 375 260  025 025 255 000 000 
motion p76 375 375 260  025 025 255 000 000 376 375 260  025 025 000 000 000 
motion p76 376 375 260  025 025 000 000 000 1816 375 260  025 025 000 000 000 
motion p77   1 375 300  025 025 050 050 255 675 375 300  025 025 050 050 255 
motion p77 675 375 300  025 025 050 050 255 676 375 300  025 025 255 000 000 
motion p77 676 375 300  025 025 255 000 000 945 375 300  025 025 255 000 000 
motion p77 945 375 300  025 025 255 000 000 946 375 300  025 025 000 000 000 
motion p77 946 375 300  025 025 000 000 000 1816 375 300  025 025 000 000 000 
motion p78   1 375 340  025 025 050 050 255 675 375 340  025 025 050 050 255 
motion p78 675 375 340  025 025 050 050 255 676 375 340  025 025 255 000 000 
motion p78 676 375 340  025 025 255 000 000 720 375 340  025 025 255 000 000 
motion p78 720 375 340  025 025 255 000 000 721 375 340  025 025 000 000 000 
motion p78 721 375 340  025 025 000 000 000 1816 375 340  025 025 000 000 000 
motion p80   1 425  20  025 025 050 050 255 405 425  20  025 025 050 050 255 
motion p80 405 425  20  025 025 050 050 255 406 425  20  025 025 255 000 000 
motion p80 406 425  20  025 025 255 000 000 960 425  20  025 025 255 000 000 
motion p80 960 425  20  025 025 255 000 000 961 425  20  025 025 000 000 000 
motion p80 961 425  20  025 025 000 000 000 1816 425  20  025 025 000 000 000 
motion p81   1 425  60  025 025 050 050 255 375 425  60  025 025 050 050 255 
motion p81 375 425  60  025 025 050 050 255 376 425  60  025 025 255 000 000 
motion p81 376 425  60  025 025 255 000 000 630 425  60  025 025 255 000 000 
motion p81 630 425  60  025 025 255 000 000 631 425  60  025 025 000 000 000 
motion p81 631 425  60  025 025 000 000 000 1816 425  60  025 025 000 000 000 
motion p82   1 425 100  025 025 050 050 255 420 425 100  025 025 050 050 255 
motion p82 420 425 100  025 025 050 050 255 421 425 100  025 025 255 000 000 
motion p82 421 425 100  025 025 255 000 000 645 425 100  025 025 255 000 000 
motion p82 645 425 100  025 025 255 000 000 646 425 100  025 025 000 000 000 
motion p82 646 425 100  025 025 000 000 000 1816 425 100  025 025 000 000 000 
motion p83   1 425 140  025 025 050 050 255 375 425 140  025 025 050 050 255 
motion p83 375 425 140  025 025 050 050 255 376 425 140  025 025 255 000 000 
motion p83 376 425 140  025 025 255 000 000 1440 425 140  025 025 255 000 000 
motion p83 1440 425 140  025 025 255 000 000 1441 425 140  025 025 000 000 000 
motion p83 1441 425 140  025 025 000 000 000 1816 425 140  025 025 000 000 000 
motion p84   1 425 180  025 025 050 050 255 330 425 180  025 025 050 050 255 
motion p84 330 425 180  025 025 050 050 255 331 425 180  025 025 255 000 000 
motion p84 331 425 180  025 025 255 000 000 1095 425 180  025 025 255 000 000 
motion p84 1095 425 180  025 025 255 000 000 1096 425 180  025 025 000 000 000 
motion p84 1096 425 180  025 025 000 000 000 1816 425 180  025 025 000 000 000 
motion p85   1 425 220  025 025 050 050 255 435 425 220  025 025 050 050 255 
motion p85 435 425 220  025 025 050 050 255 436 425 220  025 025 255 000 000 
motion p85 436 425 220  025 025 255 000 000 765 425 220  025 025 255 000 000 
motion p85 765 425 220  025 025 255 000 000 766 425 220  025 025 000 000 000 
motion p85 766 425 220  025 025 000 000 000 1816 425 220  025 025 000 000 000 
motion p86   1 425 260  025 025 050 050 255 420 425 260  025 025 050 050 255 
motion p86 420 425 260  025 025 050 050 255 421 425 260  025 025 255 000 000 
motion p86 421 425 260  025 025 255 000 000 465 425 260  025 025 255 000 000 
motion p86 465 425 260  025 025 255 000 000 466 425 260  025 025 000 000 000 
motion p86 466 425 260  025 025 000 000 000 1816 425 260  025 025 000 000 000 
motion p87   1 425 300  025 025 050 050 255 465 425 300  025 025 050 050 255 
motion p87 465 425 300  025 025 050 050 255 466 425 300  025 025 255 000 000 
motion p87 466 425 300  025 025 255 000 000 840 425 300  025 025 255 000 000 
motion p87 840 425 300  025 025 255 000 000 841 425 300  025 025 000 000 000 
motion p87 841 425 300  025 025 000 000 000 1816 425 300  025 025 000 000 000 
motion p88   1 425 340  025 025 050 050 255 645 425 340  025 025 050 050 255 
motion p88 645 425 340  025 025 050 050 255 646 425 340  025 025 255 000 000 
motion p88 646 425 340  025 025 255 000 000 1575 425 340  025 025 255 000 000 
motion p88 1575 425 340  025 025 255 000 000 1576 425 340  025 025 000 000 000 
motion p88 1576 425 340  025 025 000 000 000 1816 425 340  025 025 000 000 000 
