canvas 0 0 500 400
shape p00 ellipse
shape p01 ellipse
shape p02 ellipse
shape p03 ellipse
shape p04 ellipse
shape p05 ellipse
shape p06 ellipse
shape p10 ellipse
shape p11 ellipse
shape p12 ellipse
shape p13 ellipse
shape p14 ellipse
shape p15 ellipse
shape p16 ellipse
shape p20 ellipse
shape p21 ellipse
shape p22 ellipse
shape p23 ellipse
shape p24 ellipse
shape p25 ellipse
shape p26 ellipse
shape p30 ellipse
shape p31 ellipse
shape p32 ellipse
shape p33 ellipse
shape p34 ellipse
shape p35 ellipse
shape p36 ellipse
shape p40 ellipse
shape p41 ellipse
shape p42 ellipse
shape p43 ellipse
shape p44 ellipse
shape p45 ellipse
shape p46 ellipse
shape p50 ellipse
shape p51 ellipse
shape p52 ellipse
shape p53 ellipse
shape p54 ellipse
shape p55 ellipse
shape p56 ellipse
shape p60 ellipse
shape p61 ellipse
shape p62 ellipse
shape p63 ellipse
shape p64 ellipse
shape p65 ellipse
shape p66 ellipse
motion p00   1  31  25  025 025 050 050 255 420  31  25  025 025 050 050 255 
motion p00 420  31  25  025 025 050 050 255 421  31  25  025 025 255 000 000 
motion p00 421  31  25  025 025 255 000 000 690  31  25  025 025 255 000 000 
motion p00 690  31  25  025 025 255 000 000 691  31  25  025 025 000 000 000 
motion p00 691  31  25  025 025 000 000 000 1456  31  25  025 025 000 000 000 
motion p01   1  31  75  025 025 050 050 255 405  31  75  025 025 050 050 255 
motion p01 405  31  75  025 025 050 050 255 406  31  75  025 025 255 000 000 
motion p01 406  31  75  025 025 255 000 000 510  31  75  025 025 255 000 000 
motion p01 510  31  75  025 025 255 000 000 511  31  75  025 025 000 000 000 
motion p01 511  31  75  025 025 000 000 000 1456  31  75  025 025 000 000 000 
motion p02   1  31 125  025 025 050 050 255 420  31 125  025 025 050 050 255 
motion p02 420  31 125  025 025 050 050 255 421  31 125  025 025 255 000 000 
motion p02 421  31 125  025 025 255 000 000 1455  31 125  025 025 255 000 000 
motion p02 1455  31 125  025 025 255 000 000 1456  31 125  025 025 000 000 000 
motion p02 1456  31 125  025 025 000 000 000 1456  31 125  025 025 000 000 000 
motion p03   1  31 175  025 025 050 050 255 465  31 175  025 025 050 050 255 
motion p03 465  31 175  025 025 050 050 255 466  31 175  025 025 255 000 000 
motion p03 466  31 175  025 025 255 000 000 675  31 175  025 025 255 000 000 
motion p03 675  31 175  025 025 255 000 000 676  31 175  025 025 000 000 000 
motion p03 676  31 175  025 025 000 000 000 1456  31 175  025 025 000 000 000 
motion p04   1  31 225  025 025 050 050 255 360  31 225  025 025 050 050 255 
motion p04 360  31 225  025 025 050 050 255 361  31 225  025 025 255 000 000 
motion p04 361  31 225  025 025 255 000 000 435  31 225  025 025 255 000 000 
motion p04 435  31 225  025 025 255 000 000 436  31 225  025 025 000 000 000 
motion p04 436  31 225  025 025 000 000 000 1456  31 225  025 025 000 000 000 
motion p05   1  31 275  025 025 050 050 255 705  31 275  025 025 050 050 255 
motion p05 705  31 275  025 025 050 050 255 706  31 275  025 025 255 000 000 
motion p05 706  31 275  025 025 255 000 000 720  31 275  025 025 255 000 000 
motion p05 720  31 275  025 025 255 000 000 721  31 275  025 025 000 000 000 
motion p05 721  31 275  025 025 000 000 000 1456  31 275  025 025 000 000 000 
motion p06   1  31 325  025 025 050 050 255 585  31 325  025 025 050 050 255 
motion p06 585  31 325  025 025 050 050 255 586  31 325  025 025 255 000 000 
motion p06 586  31 325  025 025 255 000 000 720  31 325  025 025 255 000 000 
motion p06 720  31 325  025 025 255 000 000 721  31 325  025 025 000 000 000 
motion p06 721  31 325  025 025 000 000 000 1456  31 325  025 025 000 000 000 
motion p10   1  93  25  025 025 050 050 255 390  93  25  025 025 050 050 255 
motion p10 390  93  25  025 025 050 050 255 391  93  25  025 025 255 000 000 
motion p10 391  93  25  025 025 255 000 000 555  93  25  025 025 255 000 000 
motion p10 555  93  25  025 025 255 000 000 556  93  25  025 025 000 000 000 
motion p10 556  93  25  025 025 000 000 000 1456  93  25  025 025 000 000 000 
motion p11   1  93  75  025 025 050 050 255 450  93  75  025 025 050 050 255 
motion p11 450  93  75  025 025 050 050 255 451  93  75  025 025 255 000 000 
motion p11 451  93  75  025 025 255 000 000 1065  93  75  025 025 255 000 000 
motion p11 1065  93  75  025 025 255 000 000 1066  93  75  025 025 000 000 000 
motion p11 1066  93  75  025 025 000 000 000 1456  93  75  025 025 000 000 000 
motion p12   1  93 125  025 025 050 050 255 450  93 125  025 025 050 050 255 
motion p12 450  93 125  025 025 050 050 255 451  93 125  025 025 255 000 000 
motion p12 451  93 125  025 025 255 000 000 675  93 125  025 025 255 000 000 
motion p12 675  93 125  025 025 255 000 000 676  93 125  025 025 000 000 000 
motion p12 676  93 125  025 025 000 000 000 1456  93 125  025 025 000 000 000 
motion p13   1  93 175  025 025 050 050 255 585  93 175  025 025 050 050 255 
motion p13 585  93 175  025 025 050 050 255 586  93 175  025 025 255 000 000 
motion p13 586  93 175  025 025 255 000 000 1455  93 175  025 025 255 000 000 
motion p13 1455  93 175  025 025 255 000 000 1456  93 175  025 025 000 000 000 
motion p13 1456  93 175  025 025 000 000 000 1456  93 175  025 025 000 000 000 
motion p14   1  93 225  025 025 050 050 255 420  93 225  025 025 050 050 255 
motion p14 420  93 225  025 025 050 050 255 421  93 225  025 025 255 000 000 
motion p14 421  93 225  025 025 255 000 000 510  93 225  025 025 255 000 000 
motion p14 510  93 225  025 025 255 000 000 511  93 225  025 025 000 000 000 
motion p14 511  93 225  025 025 000 000 000 1456  93 225  025 025 000 000 000 
motion p15   1  93 275  025 025 050 050 255 330  93 275  025 025 050 050 255 
motion p15 330  93 275  025 025 050 050 255 331  93 275  025 025 255 000 000 
motion p15 331  93 275  025 025 255 000 000 1050  93 275  025 025 255 000 000 
motion p15 1050  93 275  025 025 255 000 000 1051  93 275  025 025 000 000 000 
motion p15 1051  93 275  025 025 000 000 000 1456  93 275  025 025 000 000 000 
motion p16   1  93 325  025 025 050 050 255 735  93 325  025 025 050 050 255 
motion p16 735  93 325  025 025 050 050 255 736  93 325  025 025 255 000 000 
motion p16 736  93 325  025 025 255 000 000 1260  93 325  025 025 255 000 000 
motion p16 1260  93 325  025 025 255 000 000 1261  93 325  025 025 000 000 000 
motion p16 1261  93 325  025 025 000 000 000 1456  93 325  025 025 000 000 000 
motion p20   1 155  25  025 025 050 050 255 330 155  25  025 025 050 050 255 
motion p20 330 155  25  025 025 050 050 255 331 155  25  025 025 255 000 000 
motion p20 331 155  25  025 025 255 000 000 1260 155  25  025 025 255 000 000 
motion p20 1260 155  25  025 025 255 000 000 1261 155  25  025 025 000 000 000 
motion p20 1261 155  25  025 025 000 000 000 1456 155  25  025 025 000 000 000 
motion p21   1 155  75  025 025 050 050 255 795 155  75  025 025 050 050 255 
motion p21 795 155  75  025 025 050 050 255 796 155  75  025 025 255 000 000 
motion p21 796 155  75  025 025 255 000 000 1065 155  75  025 025 255 000 000 
motion p21 1065 155  75  025 025 255 000 000 1066 155  75  025 025 000 000 000 
motion p21 1066 155  75  025 025 000 000 000 1456 155  75  025 025 000 000 000 
motion p22   1 155 125  025 025 050 050 255 375 155 125  025 025 050 050 255 
motion p22 375 155 125  025 025 050 050 255 376 155 125  025 025 255 000 000 
motion p22 376 155 125  025 025 255 000 000 555 155 125  025 025 255 000 000 
motion p22 555 155 125  025 025 255 000 000 556 155 125  025 025 000 000 000 
motion p22 556 155 125  025 025 000 000 000 1456 155 125  025 025 000 000 000 
motion p23   1 155 175  025 025 050 050 255 615 155 175  025 025 050 050 255 
motion p23 615 155 175  025 025 050 050 255 616 155 175  025 025 255 000 000 
motion p23 616 155 175  025 025 255 000 000 660 155 175  025 025 255 000 000 
motion p23 660 155 175  025 025 255 000 000 661 155 175  025 025 000 000 000 
motion p23 661 155 175  025 025 000 000 000 1456 155 175  025 025 000 000 000 
motion p24   1 155 225  025 025 050 050 255 315 155 225  025 025 050 050 255 
motion p24 315 155 225  025 025 050 050 255 316 155 225  025 025 255 000 000 
motion p24 316 155 225  025 025 255 000 000 570 155 225  025 025 255 000 000 
motion p24 570 155 225  025 025 255 000 000 571 155 225  025 025 000 000 000 
motion p24 571 155 225  025 025 000 000 000 1456 155 225  025 025 000 000 000 
motion p25   1 155 275  025 025 050 050 255 285 155 275  025 025 050 050 255 
motion p25 285 155 275  025 025 050 050 255 286 155 275  025 025 255 000 000 
motion p25 286 155 275  025 025 255 000 000 840 155 275  025 025 255 000 000 
motion p25 840 155 275  025 025 255 000 000 841 155 275  025 025 000 000 000 
motion p25 841 155 275  025 025 000 000 000 1456 155 275  025 025 000 000 000 
motion p26   1 155 325  025 025 050 050 255 210 155 325  025 025 050 050 255 
motion p26 210 155 325  025 025 050 050 255 211 155 325  025 025 255 000 000 
motion p26 211 155 325  025 025 255 000 000 240 155 325  025 025 255 000 000 
motion p26 240 155 325  025 025 255 000 000 241 155 325  025 025 000 000 000 
motion p26 241 155 325  025 025 000 000 000 1456 155 325  025 025 000 000 000 
motion p30   1 217  25  025 025 050 050 255 375 217  25  025 025 050 050 255 
motion p30 375 217  25  025 025 050 050 255 376 217  25  025 025 255 000 000 
motion p30 376 217  25  025 025 255 000 000 525 217  25  025 025 255 000 000 
motion p30 525 217  25  025 025 255 000 000 526 217  25  025 025 000 000 000 
motion p30 526 217  25  025 025 000 000 000 1456 217  25  025 025 000 000 000 
motion p31   1 217  75  025 025 050 050 255 315 217  75  025 025 050 050 255 
motion p31 315 217  75  025 025 050 050 255 316 217  75  025 025 255 000 000 
motion p31 316 217  75  025 025 255 000 000 750 217  75  025 025 255 000 000 
motion p31 750 217  75  025 025 255 000 000 751 217  75  025 025 000 000 000 
motion p31 751 217  75  025 025 000 000 000 1456 217  75  025 025 000 000 000 
motion p32   1 217 125  025 025 050 050 255 435 217 125  025 025 050 050 255 
motion p32 435 217 125  025 025 050 050 255 436 217 125  025 025 255 000 000 
motion p32 436 217 125  025 025 255 000 000 525 217 125  025 025 255 000 000 
motion p32 525 217 125  025 025 255 000 000 526 217 125  025 025 000 000 000 
motion p32 526 217 125  025 025 000 000 000 1456 217 125  025 025 000 000 000 
motion p33   1 217 175  025 025 050 050 255 180 217 175  025 025 050 050 255 
motion p33 180 217 175  025 025 050 050 255 181 217 175  025 025 255 000 000 
motion p33 181 217 175  025 025 255 000 000 255 217 175  025 025 255 000 000 
motion p33 255 217 175  025 025 255 000 000 256 217 175  025 025 000 000 000 
motion p33 256 217 175  025 025 000 000 000 1456 217 175  025 025 000 000 000 
motion p34   1 217 225  025 025 050 050 255 270 217 225  025 025 050 050 255 
motion p34 270 217 225  025 025 050 050 255 271 217 225  025 025 255 000 000 
motion p34 271 217 225  025 025 255 000 000 315 217 225  025 025 255 000 000 
motion p34 315 217 225  025 025 255 000 000 316 217 225  025 025 000 000 000 
motion p34 316 217 225  025 025 000 000 000 1456 217 225  025 025 000 000 000 
motion p35   1 217 275  025 025 050 050 255 165 217 275  025 025 050 050 255 
motion p35 165 217 275  025 025 050 050 255 166 217 275  025 025 255 000 000 
motion p35 166 217 275  025 025 255 000 000 450 217 275  025 025 255 000 000 
motion p35 450 217 275  025 025 255 000 000 451 217 275  025 025 000 000 000 
motion p35 451 217 275  025 025 000 000 000 1456 217 275  025 025 000 000 000 
motion p36   1 217 325  025 025 050 050 255 210 217 325  025 025 050 050 255 
motion p36 210 217 325  025 025 050 050 255 211 217 325  025 025 255 000 000 
motion p36 211 217 325  025 025 255 000 000 315 217 325  025 025 255 000 000 
motion p36 315 217 325  025 025 255 000 000 316 217 325  025 025 000 000 000 
motion p36 316 217 325  025 025 000 000 000 1456 217 325  025 025 000 000 000 
motion p40   1 279  25  025 025 050 050 255 570 279  25  025 025 050 050 255 
motion p40 570 279  25  025 025 050 050 255 571 279  25  025 025 255 000 000 
motion p40 571 279  25  025 025 255 000 000 585 279  25  025 025 255 000 000 
motion p40 585 279  25  025 025 255 000 000 586 279  25  025 025 000 000 000 
motion p40 586 279  25  025 025 000 000 000 1456 279  25  025 025 000 000 000 
motion p41   1 279  75  025 025 050 050 255 300 279  75  025 025 050 050 255 
motion p41 300 279  75  025 025 050 050 255 301 279  75  025 025 255 000 000 
motion p41 301 279  75  025 025 255 000 000 405 279  75  025 025 255 000 000 
motion p41 405 279  75  025 025 255 000 000 406 279  75  025 025 000 000 000 
motion p41 406 279  75  025 025 000 000 000 1456 279  75  025 025 000 000 000 
motion p42   1 279 125  025 025 050 050 255 255 279 125  025 025 050 050 255 
motion p42 255 279 125  025 025 050 050 255 256 279 125  025 025 255 000 000 
motion p42 256 279 125  025 025 255 000 000 270 279 125  025 025 255 000 000 
motion p42 270 279 125  025 025 255 000 000 271 279 125  025 025 000 000 000 
motion p42 271 279 125  025 025 000 000 000 1456 279 125  025 025 000 000 000 
motion p43   1 279 175  025 025 050 050 255 1456 279 175  025 025 050 050 255 
motion p44   1 279 225  025 025 050 050 255 135 279 225  025 025 050 050 255 
motion p44 135 279 225  025 025 050 050 255 136 279 225  025 025 255 000 000 
motion p44 136 279 225  025 025 255 000 000 315 279 225  025 025 255 000 000 
motion p44 315 279 225  025 025 255 000 000 316 279 225  025 025 000 000 000 
motion p44 316 279 225  025 025 000 000 000 1456 279 225  025 025 000 000 000 
motion p45   1 279 275  025 025 050 050 255 315 279 275  025 025 050 050 255 
motion p45 315 279 275  025 025 050 050 255 316 279 275  025 025 255 000 000 
motion p45 316 279 275  025 025 255 000 000 435 279 275  025 025 255 000 000 
motion p45 435 279 275  025 025 255 000 000 436 279 275  025 025 000 000 000 
motion p45 436 279 275  025 025 000 000 000 1456 279 275  025 025 000 000 000 
motion p46   1 279 325  025 025 050 050 255 195 279 325  025 025 050 050 255 
motion p46 195 279 325  025 025 050 050 255 196 279 325  025 025 255 000 000 
motion p46 196 279 325  025 025 255 000 000 225 279 325  025 025 255 000 000 
motion p46 225 279 325  025 025 255 000 000 226 279 325  025 025 000 000 000 
motion p46 226 279 325  025 025 000 000 000 1456 279 325  025 025 000 000 000 
motion p50   1 341  25  025 025 050 050 255 420 341  25  025 025 050 050 255 
motion p50 420 341  25  025 025 050 050 255 421 341  25  025 025 255 000 000 
motion p50 421 341  25  025 025 255 000 000 900 341  25  025 025 255 000 000 
motion p50 900 341  25  025 025 255 000 000 901 341  25  025 025 000 000 000 
motion p50 901 341  25  025 025 000 000 000 1456 341  25  025 025 000 000 000 
motion p51   1 341  75  025 025 050 050 255 150 341  75  025 025 050 050 255 
motion p51 150 341  75  025 025 050 050 255 151 341  75  025 025 255 000 000 
motion p51 151 341  75  025 025 255 000 000 165 341  75  025 025 255 000 000 
motion p51 165 341  75  025 025 255 000 000 166 341  75  025 025 000 000 000 
motion p51 166 341  75  025 025 000 000 000 1456 341  75  025 025 000 000 000 
motion p52   1 341 125  025 025 050 050 255 165 341 125  025 025 050 050 255 
motion p52 165 341 125  025 025 050 050 255 166 341 125  025 025 255 000 000 
motion p52 166 341 125  025 025 255 000 000 390 341 125  025 025 255 000 000 
motion p52 390 341 125  025 025 255 000 000 391 341 125  025 025 000 000 000 
motion p52 391 341 125  025 025 000 000 000 1456 341 125  025 025 000 000 000 
motion p53   1 341 175  025 025 050 050 255 105 341 175  025 025 050 050 255 
motion p53 105 341 175  025 025 050 050 255 106 341 175  025 025 255 000 000 
motion p53 106 341 175  025 025 255 000 000 135 341 175  025 025 255 000 000 
motion p53 135 341 175  025 025 255 000 000 136 341 175  025 025 000 000 000 
motion p53 136 341 175  025 025 000 000 000 1456 341 175  025 025 000 000 000 
motion p54   1 341 225  025 025 050 050 255 270 341 225  025 025 050 050 255 
motion p54 270 341 225  025 025 050 050 255 271 341 225  025 025 255 000 000 
motion p54 271 341 225  025 025 255 000 000 285 341 225  025 025 255 000 000 
motion p54 285 341 225  025 025 255 000 000 286 341 225  025 025 000 000 000 
motion p54 286 341 225  025 025 000 000 000 1456 341 225  025 025 000 000 000 
motion p55   1 341 275  025 025 050 050 255 420 341 275  025 025 050 050 255 
motion p55 420 341 275  025 025 050 050 255 421 341 275  025 025 255 000 000 
motion p55 421 341 275  025 025 255 000 000 495 341 275  025 025 255 000 000 
motion p55 495 341 275  025 025 255 000 000 496 341 275  025 025 000 000 000 
motion p55 496 341 275  025 025 000 000 000 1456 341 275  025 025 000 000 000 
motion p56   1 341 325  025 025 050 050 255 420 341 325  025 025 050 050 255 
motion p56 420 341 325  025 025 050 050 255 421 341 325  025 025 255 000 000 
motion p56 421 341 325  025 025 255 000 000 495 341 325  025 025 255 000 000 
motion p56 495 341 325  025 025 255 000 000 496 341 325  025 025 000 000 000 
motion p56 496 341 325  025 025 000 000 000 1456 341 325  025 025 000 000 000 
motion p60   1 403  25  025 025 050 050 255 300 403  25  025 025 050 050 255 
motion p60 300 403  25  025 025 050 050 255 301 403  25  025 025 255 000 000 
motion p60 301 403  25  025 025 255 000 000 480 403  25  025 025 255 000 000 
motion p60 480 403  25  025 025 255 000 000 481 403  25  025 025 000 000 000 
motion p60 481 403  25  025 025 000 000 000 1456 403  25  025 025 000 000 000 
motion p61   1 403  75  025 025 050 050 255 210 403  75  025 025 050 050 255 
motion p61 210 403  75  025 025 050 050 255 211 403  75  025 025 255 000 000 
motion p61 211 403  75  025 025 255 000 000 930 403  75  025 025 255 000 000 
motion p61 930 403  75  025 025 255 000 000 931 403  75  025 025 000 000 000 
motion p61 931 403  75  025 025 000 000 000 1456 403  75  025 025 000 000 000 
motion p62   1 403 125  025 025 050 050 255 135 403 125  025 025 050 050 255 
motion p62 135 403 125  025 025 050 050 255 136 403 125  025 025 255 000 000 
motion p62 136 403 125  025 025 255 000 000 360 403 125  025 025 255 000 000 
motion p62 360 403 125  025 025 255 000 000 361 403 125  025 025 000 000 000 
motion p62 361 403 125  025 025 000 000 000 1456 403 125  025 025 000 000 000 
motion p63   1 403 175  025 025 050 050 255  45 403 175  025 025 050 050 255 
motion p63  45 403 175  025 025 050 050 255  46 403 175  025 025 255 000 000 
motion p63  46 403 175  025 025 255 000 000  60 403 175  025 025 255 000 000 
motion p63  60 403 175  025 025 255 000 000  61 403 175  025 025 000 000 000 
motion p63  61 403 175  025 025 000 000 000 1456 403 175  025 025 000 000 000 
motion p64   1 403 225  025 025 050 050 255   1 403 225  025 025 050 050 255 
motion p64   1 403 225  025 025 050 050 255   2 403 225  025 025 255 000 000 
motion p64   2 403 225  025 025 255 000 000 735 403 225  025 025 255 000 000 
motion p64 735 403 225  025 025 255 000 000 736 403 225  025 025 000 000 000 
motion p64 736 403 225  025 025 000 000 000 1456 403 225  025 025 000 000 000 
motion p65   1 403 275  025 025 050 050 255 165 403 275  025 025 050 050 255 
motion p65 165 403 275  025 025 050 050 255 166 403 275  025 025 255 000 000 
motion p65 166 403 275  025 025 255 000 000 255 403 275  025 025 255 000 000 
motion p65 255 403 275  025 025 255 000 000 256 403 275  025 025 000 000 000 
motion p65 256 403 275  025 025 000 000 000 1456 403 275  025 025 000 000 000 
motion p66   1 403 325  025 025 050 050 255 255 403 325  025 025 050 050 255 
motion p66 255 403 325  025 025 050 050 255 256 403 325  025 025 255 000 000 
motion p66 256 403 325  025 025 255 000 000 690 403 325  025 025 255 000 000 
motion p66 690 403 325  025 025 255 000 000 691 403 325  025 025 000 000 000 
motion p66 691 403 325  025 025 000 000 000 1456 403 325  025 025 000 000 000 
